6.675750482968912713e+00
6.675661407628187938e+00
6.675916754077708681e+00
6.676021377522313394e+00
6.675537255260937997e+00
6.675772693077985487e+00
6.676001984263724154e+00
6.675831924827833497e+00
6.675503333884719837e+00
6.675766633802833638e+00
6.675211179130501549e+00
6.675234854489703551e+00
6.675521412992964976e+00
6.675300868963371492e+00
6.675494354973395161e+00
6.675628600873349860e+00
6.675729066094683972e+00
6.675304493871555778e+00
6.675561518496214930e+00
6.675454919357900252e+00
6.675655350829734047e+00
6.675358991865348202e+00
6.675603402387706886e+00
6.675211157517971117e+00
6.675471875753924422e+00
6.675180109415935092e+00
6.675885561630981790e+00
6.675697288272721686e+00
6.675723691755144351e+00
6.675635610574922829e+00
6.676120227582314826e+00
6.675365758308964281e+00
6.675913671003186778e+00
6.675649494895137259e+00
6.675540617217556871e+00
6.675534820287073678e+00
6.676167232271016161e+00
6.675618586214423722e+00
6.675682726811569268e+00
6.675672114287146464e+00
6.675505203473104388e+00
6.675737430845752662e+00
6.675251891129383885e+00
6.675565551255262520e+00
6.675080307799801993e+00
6.675685623546476322e+00
6.675179629486934552e+00
6.675713598632391665e+00
6.675399341400628295e+00
6.675786030334978527e+00
6.675519659348859491e+00
6.675245819540694292e+00
6.675364962219167531e+00
6.675537334218373253e+00
6.676142851386143384e+00
6.676027244606857813e+00
6.675379230908819572e+00
6.675709683453169063e+00
6.675167328363055042e+00
6.674939860489630838e+00
6.675694135162729914e+00
6.675379733954976302e+00
6.676242164585350025e+00
6.675406168669658413e+00
6.675872620950909386e+00
6.675634387466145903e+00
6.675434746433620781e+00
6.675450129309723479e+00
6.675501439174487572e+00
6.675315582050661334e+00
6.675748869903802785e+00
6.675481121936313045e+00
6.675545712845304180e+00
6.675250256223428380e+00
6.675239093391664547e+00
6.675327433456700099e+00
6.675639892476842086e+00
6.676129272878849719e+00
6.675871198241279281e+00
6.675574876449510420e+00
6.675609942812626763e+00
6.675860227629244470e+00
6.674984228681401177e+00
6.675552612579767064e+00
6.675836699621441994e+00
6.676049341202369369e+00
6.675527856271012084e+00
6.675177421956494328e+00
6.675896680176510500e+00
6.675264407925697085e+00
6.675441072608650828e+00
6.675845506084245429e+00
6.675631760689515914e+00
6.675470764934762435e+00
6.675629716357428300e+00
6.675669355860406995e+00
6.675215644907002144e+00
6.675495467874160482e+00
6.675979765133734922e+00
6.676021189494957930e+00
6.675439307683072698e+00
6.675822084441035642e+00
6.675570789261828786e+00
6.675384716375628358e+00
6.675445210671982821e+00
6.675404080183152011e+00
6.675940448641429548e+00
6.675131522145129281e+00
6.675678125458476053e+00
6.675741262809109955e+00
6.675505547357069247e+00
6.675573129501545466e+00
6.675545251128672142e+00
6.675282709091768574e+00
6.676113739110443923e+00
6.675465104702501762e+00
6.675795606772272350e+00
6.675353689819135461e+00
6.675677568942628426e+00
6.675536071804295091e+00
6.675251191884775004e+00
6.675303351133847762e+00
6.675416922152930255e+00
6.675482610093713909e+00
6.675096561358811798e+00
6.675853332184775724e+00
6.675952471723626935e+00
6.675168984380921877e+00
6.675603522068817242e+00
6.675564852005217986e+00
6.675440073855315681e+00
6.675663992665310964e+00
6.675676170213183269e+00
6.675849554069875680e+00
6.675232747884724205e+00
6.675817587766751160e+00
6.675575910164804228e+00
6.675241121244748221e+00
6.674932893538322531e+00
6.676034246926900728e+00
6.675571778131112133e+00
6.675284779849333106e+00
6.675917653897214699e+00
6.675800622418445407e+00
6.675773914328376968e+00
6.675401474423433790e+00
6.675729733403560573e+00
6.675590379950070208e+00
6.675752353063852063e+00
6.675360142073702541e+00
6.675309634107207124e+00
6.675487914203804607e+00
6.675448573845306655e+00
6.675153623052551666e+00
6.675381855617195548e+00
6.675422485932562822e+00
6.675373913518981794e+00
6.675744142228693612e+00
6.675370678934677393e+00
6.676101561828915010e+00
6.675650796216086036e+00
6.675884341554251478e+00
6.675729045314202637e+00
6.675274519566863241e+00
6.675942074306929541e+00
6.675101858202737937e+00
6.675172816001536447e+00
6.675560863355137542e+00
6.675748062968947849e+00
6.675737695972161490e+00
6.675647410006213534e+00
6.675933500011107746e+00
6.674915710505500144e+00
6.675489881543476223e+00
6.675834285796684142e+00
6.675821781935430188e+00
6.675916645281046335e+00
6.675685742642037290e+00
6.675107317607556823e+00
6.675906142722628722e+00
6.675473760415532531e+00
6.675552420359558425e+00
6.675727069930385227e+00
6.675414334071602340e+00
6.675593607982337474e+00
6.675969965682198470e+00
6.675988589695656117e+00
6.675511193150980738e+00
6.675411179320053456e+00
6.675720456423248628e+00
6.675282616489601750e+00
6.675342714045694237e+00
6.675768531891977275e+00
6.676090436999892574e+00
6.676158585894778952e+00
6.676289537068575974e+00
6.675632083745899337e+00
6.675274361353721986e+00
6.675564678886509284e+00
6.675356572344924189e+00
6.675661861398058505e+00
6.674809371720198392e+00
6.675900554918471563e+00
6.675665084831998719e+00
6.675652854255634594e+00
6.675601673817028292e+00
6.675466441803939333e+00
6.675279084168812105e+00
6.676105579751021146e+00
6.676028436599864335e+00
6.675496081519572300e+00
6.675723599639341366e+00
6.675111424382026648e+00
6.675590799771972783e+00
6.675620214947709741e+00
6.675711160765672503e+00
6.675337307769152240e+00
6.675469693360811974e+00
6.675613297005063451e+00
6.675797737643854646e+00
6.675772323555478671e+00
6.675457268924493981e+00
6.675699495755318402e+00
6.676092940511148655e+00
6.675366997549042836e+00
6.675592450036899272e+00
6.675468189357766313e+00
6.675385936013269905e+00
6.675540642037065098e+00
6.675175368156539335e+00
6.675465482350307234e+00
6.675990466938993784e+00
6.675342445319564000e+00
6.675707401231371740e+00
6.675812579156679583e+00
6.675497845413984166e+00
6.675832924368536148e+00
6.675380568233484802e+00
6.675465881976817784e+00
6.675492146124375914e+00
6.675291453315158385e+00
6.675314368877382165e+00
6.675335100796791821e+00
6.675282106437172125e+00
6.675164367413961131e+00
6.675275295863262848e+00
6.676198893859520034e+00
6.675898963727930457e+00
6.675539224436670693e+00
6.675078510902684670e+00
6.675803459477092083e+00
6.675755357648410104e+00
6.675188388007866180e+00
6.675836084310878604e+00
6.675513683933091968e+00
6.675555688766922735e+00
6.675646216422597590e+00
6.675633907860040850e+00
6.675534728832761999e+00
6.676063863104902296e+00
6.675758320124613121e+00
6.675586901908013182e+00
6.675177172857564400e+00
6.675149173645953837e+00
6.675310597180486027e+00
6.675846536848109025e+00
6.675619281236134128e+00
6.675032322099837323e+00
6.675659623042412782e+00
6.675589470070344866e+00
6.675376708405525328e+00
6.675763557241563895e+00
6.675765381859584124e+00
6.675533868955413119e+00
6.675089906937804685e+00
6.675292674352563793e+00
6.675984323961114519e+00
6.675571552983481816e+00
6.675712552146676693e+00
6.675047036819436563e+00
6.675825434500890054e+00
6.675190729387940003e+00
6.675921671388587164e+00
6.675467004208565314e+00
6.675446203582045435e+00
6.675312314591853813e+00
6.675966113373949185e+00
6.675713141010644947e+00
6.675533206582087153e+00
6.676253164000184093e+00
6.675468166640739831e+00
6.675209515426455908e+00
6.675497396618876422e+00
6.675803415848095668e+00
6.675532993672080195e+00
6.675501012975479931e+00
6.675624936032853007e+00
6.675592000083787170e+00
6.675566301591583596e+00
6.675969501658374661e+00
6.675699488343766141e+00
6.675223975813585398e+00
6.675780091676310590e+00
6.676104331071031517e+00
6.675035074558987702e+00
6.675524268383393078e+00
6.675749056743976340e+00
6.675933768230319032e+00
6.675805162186032149e+00
6.675478458581890706e+00
6.676060184492553340e+00
6.675728151137575672e+00
6.675652801712982587e+00
6.675469936099942103e+00
6.675587903949689483e+00
6.675189942165737911e+00
6.676051583748052742e+00
6.675934499612197648e+00
6.675446186496628798e+00
6.675668305091555510e+00
6.675914800039270958e+00
6.675585340647545607e+00
6.676062775932096294e+00
6.675345775398773718e+00
6.675608368825447059e+00
6.675753887166296252e+00
6.675731503169900272e+00
6.675996343499075003e+00
6.675313944128215660e+00
6.676078543467686366e+00
6.675589528319037846e+00
6.675813913085496765e+00
6.675744729016008350e+00
6.675654589563940533e+00
6.675522932854942582e+00
6.675307318786178001e+00
6.675180035789378685e+00
6.675437395072430391e+00
6.675286102733587690e+00
6.675792432883225658e+00
6.674986775648500625e+00
6.675476846273660669e+00
6.675491554056160126e+00
6.675267760445733778e+00
6.675506523519569413e+00
6.675203936256095538e+00
6.675490017529210895e+00
6.675107822809544622e+00
6.675830504013304356e+00
6.675365166140322160e+00
6.675505735059674706e+00
6.675396574785439796e+00
6.675435670441075331e+00
6.675936412966872346e+00
6.675762323025455913e+00
6.675448015343480535e+00
6.675716885372535714e+00
6.676172372896194140e+00
6.675997778834703134e+00
6.675919838320938382e+00
6.675669050890673084e+00
6.675811667715222164e+00
6.675492607865911587e+00
6.675672870807828119e+00
6.675632737089149948e+00
6.675632401111639247e+00
6.675465133835223774e+00
6.675920753944859953e+00
6.675329266726631516e+00
6.675915314042403459e+00
6.675789074602672457e+00
6.675639649737061809e+00
6.675927506366994280e+00
6.675555913686261889e+00
6.675809617492656223e+00
6.675794942582563785e+00
6.675483210687955804e+00
6.675641192853189132e+00
6.675871501532851582e+00
6.675630499366591586e+00
6.675383668317255825e+00
6.675346586861178544e+00
6.675915171635224077e+00
6.675608011644032835e+00
6.675487446196465058e+00
6.675316884335061651e+00
6.675732447655879476e+00
6.675478513317410822e+00
6.675574200987470341e+00
6.675614478209245917e+00
6.675577406643141920e+00
6.675627031164051317e+00
6.675564681776333664e+00
6.675687282092318320e+00
6.676003371133607089e+00
6.675864464230790496e+00
6.675914283303121977e+00
6.675928720800975213e+00
6.675801775637638436e+00
6.675575808034129643e+00
6.675651388411575127e+00
6.675779445274081958e+00
6.675989984007626887e+00
6.675737136042666720e+00
6.675708451228822504e+00
6.675698335843398112e+00
6.675641551277211150e+00
6.675524786324411153e+00
6.675355729608503097e+00
6.675915660676349894e+00
6.675477594625533584e+00
6.675658390475861736e+00
6.675812615679847184e+00
6.675897457199162055e+00
6.675129879527247567e+00
6.675527615358224587e+00
6.675221881497048315e+00
6.675447222618214660e+00
6.675704305169847252e+00
6.675442163783074534e+00
6.675768009656799507e+00
6.675092439165467795e+00
6.675485504970043671e+00
6.675825703725702276e+00
6.675852251605442156e+00
6.675653715499518803e+00
6.675736494534588061e+00
6.675229026643494379e+00
6.675459265809998932e+00
6.676215362172229106e+00
6.675630194369587933e+00
6.675484498407448619e+00
6.675347384032168208e+00
6.675590642023727206e+00
6.675645774178898151e+00
6.675393539034802259e+00
6.675644107890686740e+00
6.675691694662409859e+00
6.675963153052806298e+00
6.675747011002927778e+00
6.675736968728059217e+00
6.675750776758255789e+00
6.675770899583620910e+00
6.675392645510578760e+00
6.675840765731502202e+00
6.675220482934160593e+00
6.675460967354961639e+00
6.675456305567538884e+00
6.675281033764733252e+00
6.675596333433707841e+00
6.675103982254945834e+00
6.675817999624210408e+00
6.675734451207858910e+00
6.675416320222024247e+00
6.675714769832289619e+00
6.675712194474780148e+00
6.675386055125708928e+00
6.675486180143609616e+00
6.675724736563917183e+00
6.675682538060839555e+00
6.675526121103337651e+00
6.675782921395758684e+00
6.675139090994993474e+00
6.675764653295404472e+00
6.675703779739848187e+00
6.675426696281924421e+00
6.675860076969328816e+00
6.675877481219906429e+00
6.675696688949050994e+00
6.675445914263969271e+00
6.675247977687802425e+00
6.675321303430780340e+00
6.676063804644363664e+00
6.675878151639879299e+00
6.675708491473194783e+00
6.675202884890000909e+00
6.675561943570326839e+00
6.675531643266030990e+00
6.675342711486964120e+00
6.675704167052598947e+00
6.675461661917077905e+00
6.675773836434813369e+00
6.675681596472961665e+00
6.675641776057580579e+00
6.675648280722541905e+00
6.675331374293463682e+00
6.674962570908699711e+00
6.675749019847169841e+00
6.676005014403172844e+00
6.675812529907015680e+00
6.675596299530965894e+00
6.675309618165343295e+00
6.676169506403698328e+00
6.675581294529298937e+00
6.674956005450998653e+00
6.675726330283665355e+00
6.675758944182461185e+00
6.676207710558739628e+00
6.675842109330019092e+00
6.675222087204006449e+00
6.675527674491672059e+00
6.675858117804177816e+00
6.675396801631993782e+00
6.675533080465759106e+00
6.675710743280538040e+00
6.675942736456619286e+00
6.675935820439283575e+00
6.675519362001415047e+00
6.675436435976805249e+00
6.675653280356376840e+00
6.675705374051271512e+00
6.675290422557869086e+00
6.675990956475141402e+00
6.675406178508643151e+00
6.675048847710375988e+00
6.675406999814703646e+00
6.675622124183801631e+00
6.675687293093403696e+00
6.675659711687764286e+00
6.675194269619370679e+00
6.675306953484414940e+00
6.675237105313296837e+00
6.675778719729160038e+00
6.675766628440095829e+00
6.675546794014871388e+00
6.675470364710645477e+00
6.675706692230407135e+00
6.675886333946345452e+00
6.675720452173267816e+00
6.675388582434311324e+00
6.675344143567104815e+00
6.676001784773822223e+00
6.675393634404089838e+00
6.675611329470354960e+00
6.675628484154517928e+00
6.675635720143239915e+00
6.675627810268506046e+00
6.675566226913112189e+00
6.675816501136377035e+00
6.675363800794464453e+00
6.675553362378396471e+00
6.675865713361522680e+00
6.675838161903690171e+00
6.674892753443639748e+00
6.675769111397391598e+00
6.675481689426487009e+00
6.675798121748511171e+00
6.675486529819314896e+00
6.675579057437353470e+00
6.675135228215332006e+00
6.675818503814412885e+00
6.675474261570855106e+00
6.675759343828262082e+00
6.675820876157189332e+00
6.675204510077461073e+00
6.675559255712807172e+00
6.676143891851162415e+00
6.675827020011949386e+00
6.675539473199829210e+00
6.675199353525131940e+00
6.675743505441961823e+00
6.675673420116012835e+00
6.675734147841610344e+00
6.675483314054781125e+00
6.675576639685107949e+00
6.675297265054899398e+00
6.675614867839446021e+00
6.675764758616516303e+00
6.675643141917253942e+00
6.674924812166638688e+00
6.675806113594120461e+00
6.675680938030328804e+00
6.675482880342744174e+00
6.675090056668101290e+00
6.675276325479758022e+00
6.675616826310049490e+00
6.674961544092896659e+00
6.675613640882339439e+00
6.675313909506663812e+00
6.675663305364792244e+00
6.675031169721580504e+00
6.675701870543630179e+00
6.675531094673532451e+00
6.675147082385910480e+00
6.675635733140849126e+00
6.675524867406955387e+00
6.675431962167959199e+00
6.675829815477372975e+00
6.675941544209817557e+00
6.675353041639548124e+00
6.676079328831365345e+00
6.675539694332145224e+00
6.675420748877892052e+00
6.675151596948414756e+00
6.675903047679269342e+00
6.675608669997503242e+00
6.675723820484861903e+00
6.675725391005093101e+00
6.676104896692145907e+00
6.675135683385387431e+00
6.675119153697777641e+00
6.675489811722806088e+00
6.675639516951667574e+00
6.675683808963881916e+00
6.675769148448273071e+00
6.675565835624593269e+00
6.675926125212266804e+00
6.675403285065121040e+00
6.676119466153868309e+00
6.675305566434517779e+00
6.675396412173602911e+00
6.675877174253871615e+00
6.675607528183401307e+00
6.675816277230246065e+00
6.675913337583221363e+00
6.675570317430250533e+00
6.675499272861603828e+00
6.675022124567962400e+00
6.675642507281498439e+00
6.674934286104058145e+00
6.675916421668175005e+00
6.675513414367386211e+00
6.675875008138198119e+00
6.675246008460643310e+00
6.675414450309398617e+00
6.675704502983501598e+00
6.675495475568833825e+00
6.675962617914115604e+00
6.675537050016932206e+00
6.675254223436088097e+00
6.675615468367780636e+00
6.675663885719365531e+00
6.675685339530293305e+00
6.675275778817628236e+00
6.674988096807812354e+00
6.675059081289095531e+00
6.675058023069976088e+00
6.675603991303997731e+00
6.675585793240576216e+00
6.675963898640388194e+00
6.675556504133300706e+00
6.675501128282638419e+00
6.675452228728481430e+00
6.675603104039394609e+00
6.675604902644433736e+00
6.675250359342233430e+00
6.675620156922519755e+00
6.675240431997521817e+00
6.675826899029449812e+00
6.675659730462803587e+00
6.675382742326959828e+00
6.675315991919840819e+00
6.675221333523809086e+00
6.675542623527210395e+00
6.675181063538933479e+00
6.675741803139993991e+00
6.675675999309898856e+00
6.675301652493319082e+00
6.675724508232228516e+00
6.675878584603869292e+00
6.675846494057461555e+00
6.675239936763198934e+00
6.675340623313728905e+00
6.675403078575414817e+00
6.675561293895872161e+00
6.675692200676901500e+00
6.675898144254846400e+00
6.675715889232064271e+00
6.675279394795878396e+00
6.675349101486344416e+00
6.675355628437329436e+00
6.675089136731358508e+00
6.675557556168995710e+00
6.675826730820010546e+00
6.675422336626741782e+00
6.675369707439727129e+00
6.675591364289719998e+00
6.675926116372361996e+00
6.675389589602414908e+00
6.675429102720028318e+00
6.675822096061770239e+00
6.675552891748615991e+00
6.675522053669165956e+00
6.675599890288903993e+00
6.675871016684842729e+00
6.675717925603536607e+00
6.675218809095901484e+00
6.675424693122539388e+00
6.675600000558302938e+00
6.675492342342626451e+00
6.675571390492669899e+00
6.675424984086501645e+00
6.675609385514490235e+00
6.675770194178541672e+00
6.676103313253105576e+00
6.675347920638723842e+00
6.675081957859486437e+00
6.675935389683483656e+00
6.675596682865658771e+00
6.675412108885736551e+00
6.675751695858318513e+00
6.675386605069246748e+00
6.675647124633429463e+00
6.675000013884673677e+00
6.675548689693767912e+00
6.675578508110985076e+00
6.675461267066160609e+00
6.675693677389352487e+00
6.675669765434018466e+00
6.675627507649953607e+00
6.675529701037770991e+00
6.675693471495995901e+00
6.675331270890782598e+00
6.675908093205385363e+00
6.675778660119225272e+00
6.675138745696536979e+00
6.676133684493245291e+00
6.675490903068215687e+00
6.675829431944188208e+00
6.675333977071733038e+00
6.675503584335901408e+00
6.675397305895615752e+00
6.675426692802083117e+00
6.675731100897194459e+00
6.675506924958201971e+00
6.675358264226975535e+00
6.675415830007461970e+00
6.675922366826469556e+00
6.675661484271735446e+00
6.675717662838619226e+00
6.675916524517810480e+00
6.675031861361374830e+00
6.675470389626547707e+00
6.675695929044664467e+00
6.675659195299920690e+00
6.675534458618463951e+00
6.675398965370261450e+00
6.675493366558966635e+00
6.675432552565831124e+00
6.675918072587984753e+00
6.675333507891721752e+00
6.675393057890167015e+00
6.675499374362450666e+00
6.675824654679683334e+00
6.675583133928270740e+00
6.675546887677571206e+00
6.675471940682067284e+00
6.675272892859697826e+00
6.675175519461348905e+00
6.676017050177927459e+00
6.675255052867405503e+00
6.675742197802823519e+00
6.676156108206059869e+00
6.675311762661344517e+00
6.675892537487253087e+00
6.675189610423642783e+00
6.675045282171248040e+00
6.675707369270686087e+00
6.675396905974841921e+00
6.675373280963079914e+00
6.675975943037215643e+00
6.675805104294775916e+00
6.675068758271351932e+00
6.675006940792126642e+00
6.675480192839179594e+00
6.675396225988238008e+00
6.675621602163650081e+00
6.675774857638989701e+00
6.675455425064842352e+00
6.675743346532130751e+00
6.675466053520554333e+00
6.675827012278566563e+00
6.675431271214915974e+00
6.675441979734401343e+00
6.675994682709218253e+00
6.675382558452522375e+00
6.675639523143881426e+00
6.675263909169085963e+00
6.675845426120140758e+00
6.675661573572166496e+00
6.675645060722382951e+00
6.675357176830298833e+00
6.675403218193851629e+00
6.675672792921584886e+00
6.675605495059116379e+00
6.675680403763279536e+00
6.675710920098213208e+00
6.675448090880880869e+00
6.675533773248638170e+00
6.675354772028339490e+00
6.675234156079998371e+00
6.675395937942854907e+00
6.676180166524075865e+00
6.675694334028807297e+00
6.675933927448769012e+00
6.675558772863989354e+00
6.675642926892456863e+00
6.675908444175698619e+00
6.675567093839070765e+00
6.675480651428975953e+00
6.675509364846020866e+00
6.675404694571992259e+00
6.675521470641541555e+00
6.675552059516673964e+00
6.675430999483610961e+00
6.675402330934404382e+00
6.675615367697731450e+00
6.675500338537105449e+00
6.675368253256247719e+00
6.675568395437912805e+00
6.675907623051188011e+00
6.674784161928330128e+00
6.675461980227805903e+00
6.675635492672025606e+00
6.675616925843679716e+00
6.676143918438445013e+00
6.674910302396416029e+00
6.675593130687786925e+00
6.675673735504372708e+00
6.675445334470435199e+00
6.675451417899004092e+00
6.675433633607452677e+00
6.675520801586565689e+00
6.675943170534117677e+00
6.675887516640242936e+00
6.675582164975965682e+00
6.676156219737439557e+00
6.675385993119382633e+00
6.675583244675165950e+00
6.675605951211023736e+00
6.675318576973688245e+00
6.675347088803634144e+00
6.675958020201405496e+00
6.675842325003089606e+00
6.675241787358983103e+00
6.675798376539797019e+00
6.675885628860243948e+00
6.675654717460901999e+00
6.675929832881222659e+00
6.676322761709224451e+00
6.676131262698849156e+00
6.675577802356094104e+00
6.674819905321069058e+00
6.675214827914186522e+00
6.675852505555856631e+00
6.675826269258031687e+00
6.675474454635391020e+00
6.675800386152038080e+00
6.675752804156032560e+00
6.675708943378301896e+00
6.675784377239049050e+00
6.675569872005926442e+00
6.676144118743929212e+00
6.675461420017945180e+00
6.675072839787857149e+00
6.675652566369087104e+00
6.675476453623577555e+00
6.676172929147147883e+00
6.675672499890191069e+00
6.675361565493850513e+00
6.676039730575931586e+00
6.675453578335040383e+00
6.675186615725728245e+00
6.675499677809036747e+00
6.675619097742873542e+00
6.675953487190552593e+00
6.675260005910310213e+00
6.675384747779347094e+00
6.676023091588952241e+00
6.675462403627824948e+00
6.675488886611558037e+00
6.675491812589001484e+00
6.675303414013383119e+00
6.675571381640509117e+00
6.675696571412367497e+00
6.675420359013928717e+00
6.675721659867594582e+00
6.675075924744841238e+00
6.675272270834142319e+00
6.675389012799199939e+00
6.675562029780710560e+00
6.675360939155859263e+00
6.675760014887951677e+00
6.675609167947714084e+00
6.675498466580677359e+00
6.675439602032557040e+00
6.675294915816198937e+00
6.675832217658873802e+00
6.675396422208889291e+00
6.675128384125191161e+00
6.675610892605272184e+00
6.675556429762075084e+00
6.675653911437549937e+00
6.676030160441773553e+00
6.675366523975221789e+00
6.675019322610499906e+00
6.676246988133464733e+00
6.675427216913583983e+00
6.675518898970929094e+00
6.675266175504281030e+00
6.675400266518714432e+00
6.675335270456694836e+00
6.675871742620445026e+00
6.675877334915810479e+00
6.675820771666513664e+00
6.675466778617526131e+00
6.675637053328029147e+00
6.675125250132188270e+00
6.675440287783143134e+00
6.675648649843950011e+00
6.675366135820845592e+00
6.675625019628156132e+00
6.675644434678766892e+00
6.675758713799726074e+00
6.675338486483303413e+00
6.675717996083952777e+00
6.675622235178826358e+00
6.675373257907255997e+00
6.674555365028695064e+00
6.676215780583435233e+00
6.675611038745710601e+00
6.675835620238368406e+00
6.675373397881330106e+00
6.675643418040803745e+00
6.675600921711832392e+00
6.675608998428251617e+00
6.675399745707398580e+00
6.675879833015303966e+00
6.675278663045823180e+00
6.675074910717820664e+00
6.675446990627880162e+00
6.675605743835907546e+00
6.675398099642298355e+00
6.675804731424879179e+00
6.676002855269195457e+00
6.675885957581556340e+00
6.675938536811704793e+00
6.675248543856700856e+00
6.675083851020657377e+00
6.675483183433422951e+00
6.675399652823869268e+00
6.675259234153670285e+00
6.675871383674122583e+00
6.675735316913499418e+00
6.675276074950237337e+00
6.675321908858089515e+00
6.674867574988167185e+00
6.675917733178804880e+00
6.675598768942477612e+00
6.675799875353236601e+00
6.675519359359635807e+00
6.675980917930042224e+00
6.675592655441009882e+00
6.675445668588121606e+00
6.675857932760860258e+00
6.675260630624491931e+00
6.675637303148623580e+00
6.675470550688451965e+00
6.675486430880785527e+00
6.675610743281731985e+00
6.675610960892107038e+00
6.675341715592930214e+00
6.675863386727436399e+00
6.675697777742151118e+00
6.675884358954012221e+00
6.675669883998316401e+00
6.675262559884692415e+00
6.675206457264081905e+00
6.675218391030383280e+00
6.675958102482886680e+00
6.676036644756376148e+00
6.675684836436769132e+00
6.675396518744665997e+00
6.675830482311297054e+00
6.675603299791526446e+00
6.675970269717312000e+00
6.675304413997295683e+00
6.675236645834076832e+00
6.675370156365138641e+00
6.675443579727814658e+00
6.675626640912549981e+00
6.674944709143034061e+00
6.676001361287686287e+00
6.675995640639515116e+00
6.675734341248491077e+00
6.675414510694789527e+00
6.675166766353920700e+00
6.675922862695789384e+00
6.675887001057430936e+00
6.675875010501516549e+00
6.675639280368756090e+00
6.675575408913893227e+00
6.676121442887985147e+00
6.675287776503607162e+00
6.675730509113591893e+00
6.675792552686181658e+00
6.675673958515980999e+00
6.675593920629486533e+00
6.675497438982771925e+00
6.675823545593096320e+00
