6.675508675658658575e+00
6.675344177507478882e+00
6.675697054241368278e+00
6.675449977801998003e+00
6.675396407135929522e+00
6.675433760133530292e+00
6.675632171886566546e+00
6.675782350460647052e+00
6.675572887353322216e+00
6.675443712675700247e+00
6.675582219025845809e+00
6.675514310795105821e+00
6.675601945522795511e+00
6.675299649531368118e+00
6.675719084747359311e+00
6.675639237437654749e+00
6.675386414740306584e+00
6.675332466254808139e+00
6.675567038019788235e+00
6.675777663839388865e+00
6.675509115718694098e+00
6.675515439656523498e+00
6.675506287234551195e+00
6.675602433603635255e+00
6.675817913828345773e+00
6.675593923222991499e+00
6.675570745878303569e+00
6.675495704305201450e+00
6.675652628619731743e+00
6.675625497511220807e+00
6.675466722063839953e+00
6.675487097350287335e+00
6.675696644543627656e+00
6.675693299492132304e+00
6.675618670586714209e+00
6.675363256252808242e+00
6.675492834838344436e+00
6.675370518637667949e+00
6.675472891173920509e+00
6.675659834479736432e+00
6.675481395305553178e+00
6.675681929626259503e+00
6.675410959790249343e+00
6.675569617751961005e+00
6.675841046467583695e+00
6.675586620565936435e+00
6.675637584907274658e+00
6.675787800239073810e+00
6.675697827475234547e+00
6.675898140804345182e+00
6.675432733326038814e+00
6.675571266828333350e+00
6.675640550804851081e+00
6.675308001706707905e+00
6.675419903188672954e+00
6.675718976997813137e+00
6.675370147363708817e+00
6.675782477716832197e+00
6.675914599878588263e+00
6.675470446227460108e+00
6.675649019952194507e+00
6.675649800764012376e+00
6.675518233761067677e+00
6.675540971876457341e+00
6.675484972828389374e+00
6.675641324048323000e+00
6.675568464423295545e+00
6.675621461230953457e+00
6.675316443735107796e+00
6.675732980697595131e+00
6.675717613909574411e+00
6.675650794115187914e+00
6.675473961562017777e+00
6.675795206282507444e+00
6.675392013880722786e+00
6.675543552617160259e+00
6.675395222631602898e+00
6.675627303285758707e+00
6.675549696612776529e+00
6.675425598447168873e+00
6.675728982617211038e+00
6.675376198818343987e+00
6.675462335850731677e+00
6.675763644035434652e+00
6.675415439304621223e+00
6.675404273256265064e+00
6.675935779527538472e+00
6.675759496157437134e+00
6.675604895436292097e+00
6.675397168383095270e+00
6.675605827087697008e+00
6.675431971693679856e+00
6.675559327950710831e+00
6.675700650248783674e+00
6.675481811799715892e+00
6.675415117217545991e+00
6.675457652868480807e+00
6.675358282047302971e+00
6.675571760655210518e+00
6.675671611135091332e+00
6.675556588817086912e+00
6.675447551805157254e+00
6.675653081598327709e+00
6.675903962166912287e+00
6.675343948343210876e+00
6.675562139824672947e+00
6.675455389183658994e+00
6.675401442737633140e+00
6.675583792443452680e+00
6.675190173787650671e+00
6.675330071063680037e+00
6.675591090817075468e+00
6.675574688241000310e+00
6.675527044716995206e+00
6.675473536607090530e+00
6.675511283184110134e+00
6.675408107369282362e+00
6.675698962802218972e+00
6.675387211198380299e+00
6.675569412714758677e+00
6.675641385929723448e+00
6.675654441427564478e+00
6.675456966801566416e+00
6.675821307876401711e+00
6.675465258324951634e+00
6.675514529168158795e+00
6.675894427769549999e+00
6.675640766637068957e+00
6.675605500747290755e+00
6.675394660233319399e+00
6.675633853616464997e+00
6.675634985179497605e+00
6.675615497709398660e+00
6.675696861172156993e+00
6.675534896364067272e+00
6.675603761083757526e+00
6.675770368871273064e+00
6.675693294439610348e+00
6.675833059353714738e+00
6.675433586554514243e+00
6.675512014571101993e+00
6.675747820790292053e+00
6.675429378578307649e+00
6.675822496217763913e+00
6.675713457964857156e+00
6.675339925642296279e+00
6.675514022764792443e+00
6.675773007353353883e+00
6.675642388192082777e+00
6.675510793300097667e+00
6.675342446429663568e+00
6.675462909960635294e+00
6.675355410166451620e+00
6.675768072018068544e+00
6.675786841855438247e+00
6.675269822880902204e+00
6.675736731302149174e+00
6.675436445261656360e+00
6.675389853621715552e+00
6.675404670904845794e+00
6.675284461632894129e+00
6.675745122970472067e+00
6.675620022749204630e+00
6.675543865999364890e+00
6.675524857804584933e+00
6.675444929255521131e+00
6.675561939542719259e+00
6.675167850341131803e+00
6.675474084509615658e+00
6.675574636005118023e+00
6.675767528551792118e+00
6.675351676284682512e+00
6.675755057992541985e+00
6.675684079166587459e+00
6.675826113063098255e+00
6.675674280508550495e+00
6.675472169323859006e+00
6.675384506809663776e+00
6.675823051199594182e+00
6.675601232588683764e+00
6.675782760764607637e+00
6.675333796160121125e+00
6.675734364340935478e+00
6.675607487016437247e+00
6.675426049866481470e+00
6.675307584242212933e+00
6.675562751713139065e+00
6.675799948459479438e+00
6.675690872928783826e+00
6.675706351364625313e+00
6.675368327428552462e+00
6.675662481083950439e+00
6.675706150571613762e+00
6.675511412494802066e+00
6.675306288263639587e+00
6.675608759320280861e+00
6.675639013486758699e+00
6.675570454323300318e+00
6.675514073847975460e+00
6.675657822155174337e+00
6.675442019322111342e+00
6.675437242136641025e+00
6.675639819948620435e+00
6.675528396624138772e+00
6.675841629878740413e+00
6.675399379983154802e+00
6.675668035732966743e+00
6.675563125192273795e+00
6.675511559055784083e+00
6.675641756301737395e+00
6.675741001859075929e+00
6.675304973852530743e+00
6.675515121697412901e+00
6.675315887411517046e+00
6.675635837232360537e+00
6.675680637416103735e+00
6.675561698123051890e+00
6.675467205138784443e+00
6.675478237479065768e+00
6.675335948915259721e+00
6.675693089573817574e+00
6.675241359899664495e+00
6.675606119187245113e+00
6.675581250533874744e+00
6.675283339234538538e+00
6.675803304968103369e+00
6.675635653566016181e+00
6.675429575197802556e+00
6.675399196075866293e+00
6.675391144885941763e+00
6.675432694136994805e+00
6.675683998022122978e+00
6.675422630543311087e+00
6.675620705992440840e+00
6.675747666241321099e+00
6.675735569596889185e+00
6.675271644414729977e+00
6.675469618165494445e+00
6.675464588160686219e+00
6.675502618628446960e+00
6.675316346579476701e+00
6.675550796384283281e+00
6.675675512615419471e+00
6.675426463127921650e+00
6.675627661231429144e+00
6.675603624721476059e+00
6.675681732227488396e+00
6.675429328143522412e+00
6.675786582214062292e+00
6.675436063389805774e+00
6.675330217859903215e+00
6.675330428374865122e+00
6.675684844785171990e+00
6.675689400449848598e+00
6.675596185208160449e+00
6.675700015209425686e+00
6.675541958693194111e+00
6.675625776192060989e+00
6.675525760816348964e+00
6.675753238125619937e+00
6.675541849304469366e+00
6.675423752191593785e+00
6.675626376982745747e+00
6.675700195140627180e+00
6.675588343491027921e+00
6.675446224354285363e+00
6.675520544245550525e+00
6.675458440862545473e+00
6.675714966885028190e+00
6.675605826884283722e+00
6.675243269574560934e+00
6.675430452211516652e+00
6.675305453920729271e+00
6.675534497796309807e+00
6.675366173569443617e+00
6.675483706332280498e+00
6.675475822207864063e+00
6.675918094319479579e+00
6.675568462209930054e+00
6.675597537548922489e+00
6.675723259575192081e+00
6.675428421858409678e+00
6.675507334311591379e+00
6.675529660497602435e+00
6.675208110031414677e+00
6.675571760619567030e+00
6.675801982790806832e+00
6.675661928141692236e+00
6.675471557685740187e+00
6.675578902684410565e+00
6.675529898768798098e+00
6.675545043883261975e+00
6.675384343973301604e+00
6.675500623821736035e+00
6.675646015077214557e+00
6.675515161759624227e+00
6.675568861137179510e+00
6.675558697014293053e+00
6.675369747212244853e+00
6.675632697377420932e+00
6.675514504966304052e+00
6.675494456637999896e+00
6.675230617935902444e+00
6.675280483456028868e+00
6.675439339839044806e+00
6.675581939276323595e+00
6.675500709592482984e+00
6.675556516098453130e+00
6.675829347252808077e+00
6.675216082264133988e+00
6.675745659966375811e+00
6.675842086160586497e+00
6.675797047411057505e+00
6.675431918832080314e+00
6.675617862740738317e+00
6.675217733271598952e+00
6.675564222311792584e+00
6.675294080291811483e+00
6.675594165276318215e+00
6.675422822477788287e+00
6.675540096580650840e+00
6.675589101705818429e+00
6.675305472823178654e+00
6.675578046140708821e+00
6.675933192331956256e+00
6.675803818004362178e+00
6.675322743419997984e+00
6.675508309312216504e+00
6.675662946317789448e+00
6.675541152788039945e+00
6.675562737353426535e+00
6.675634163822514289e+00
6.675450983719197318e+00
6.675430289541466777e+00
6.675647184949411006e+00
6.675500954528332365e+00
6.675519722277030610e+00
6.675330997950728928e+00
6.675321985724729679e+00
6.675537108801250064e+00
6.675324556607970194e+00
6.675391506314833912e+00
6.675594760008292106e+00
6.675532411160024715e+00
6.675606034866482297e+00
6.675377554599491781e+00
6.675497920571682897e+00
6.675459888938492625e+00
6.675494835265340043e+00
6.675381071858498494e+00
6.675620916124750615e+00
6.675897991078523219e+00
6.675333990221106184e+00
6.675526376191934119e+00
6.675662093255180451e+00
6.675369132242843229e+00
6.675751417300706869e+00
6.675361230346195995e+00
6.675330413425756504e+00
6.675237349181062818e+00
6.675657433072536229e+00
6.675546518264786400e+00
6.675460213300546286e+00
6.675338561719639685e+00
6.675422159113731269e+00
6.675450698201863986e+00
6.675700132677587106e+00
6.675494712721755874e+00
6.675588393907759155e+00
6.675707020429716643e+00
6.675616606577527534e+00
6.675448617936819318e+00
6.675746433620538767e+00
6.675529313899838613e+00
6.675518838108098763e+00
6.675615102527067357e+00
6.675624923434882341e+00
6.675419282438453727e+00
6.675717313529242247e+00
6.675357279456465953e+00
6.675500795519582198e+00
6.675676897879302629e+00
6.675511605595000120e+00
6.675448518767409745e+00
6.675394679739667936e+00
6.675602917655107937e+00
6.675614112794040267e+00
6.675680863765521167e+00
6.675556079493386363e+00
6.675328849848660262e+00
6.675543951219825800e+00
6.675698604401870462e+00
6.675094167000723999e+00
6.675394184143955023e+00
6.675670754151117769e+00
6.675495142003996740e+00
6.675757752837318648e+00
6.675396302917737223e+00
6.675833055212013534e+00
6.675282274270622374e+00
6.675544084769605924e+00
6.675472141872675458e+00
6.675344700164592915e+00
6.675368014072203593e+00
6.675429768363962069e+00
6.675514442286562655e+00
6.675627834730878618e+00
6.675552538725511909e+00
6.675284752393238819e+00
6.675700476669772954e+00
6.675613117314028955e+00
6.675976078083872167e+00
6.675301423833299275e+00
6.675562888431417541e+00
6.675480513055341625e+00
6.675549892526145612e+00
6.675490041383260298e+00
6.675546991863571478e+00
6.675404086444147289e+00
6.675497688321768486e+00
6.675644707636527286e+00
6.675618685531151897e+00
6.675504662947477463e+00
6.675343406559799853e+00
6.675625541121490869e+00
6.675473891472555543e+00
6.675409126510546187e+00
6.675413964679512091e+00
6.675758179504507339e+00
6.675708110669408057e+00
6.675366574762485072e+00
6.675605361874339394e+00
6.675272524735976098e+00
6.675259651801948912e+00
6.675437581961590539e+00
6.675463732153956720e+00
6.675346901727525761e+00
6.675488046683270227e+00
6.675733042833082997e+00
6.675755660447646456e+00
6.675891211935476299e+00
6.675754136349142165e+00
6.675407139866434747e+00
6.675525738161647737e+00
6.675467255669522260e+00
6.675360107888872463e+00
6.675582163280588510e+00
6.675658148411764081e+00
6.675480102234327973e+00
6.675386526256454012e+00
6.675357613386219136e+00
6.675424773141547696e+00
6.675732275110711988e+00
6.675458354011085227e+00
6.675777795331016229e+00
6.675859613634051115e+00
6.675359617866703843e+00
6.675389514639492816e+00
6.675306618557650395e+00
6.675796746599699460e+00
6.675235243636516991e+00
6.675740196897689493e+00
6.675514091909010794e+00
6.675458780064695397e+00
6.675575389933518622e+00
6.675286735784095704e+00
6.675551865266902141e+00
6.675432645820249533e+00
6.675837861861253941e+00
6.675674614219904157e+00
6.675448237154646414e+00
6.675768781808324448e+00
6.675446912615289108e+00
6.675491153556863289e+00
6.675712905972361888e+00
6.675516647610947985e+00
6.675426077131124458e+00
6.675663629600173010e+00
6.675272065579412661e+00
6.675625674030588819e+00
6.675398998963863129e+00
6.675483856207391042e+00
6.675711602368561870e+00
6.675635387633940709e+00
6.675632248477401554e+00
6.675659595911207944e+00
6.675354161040934819e+00
6.675550419427750626e+00
6.675725168507836926e+00
6.675640541167515707e+00
6.675337584195874641e+00
6.675776975415051773e+00
6.675515658594126656e+00
6.675753788354500173e+00
6.675739240609541270e+00
6.675462846264100136e+00
6.675441812129945696e+00
6.675465222354773687e+00
6.675668187985458246e+00
6.675297725873711840e+00
6.675694345412434672e+00
6.675733235986218261e+00
6.675733838523966845e+00
6.675497158444722245e+00
6.675449371292611289e+00
6.675600051515570676e+00
6.675257944854728009e+00
6.675349982778048030e+00
6.675561373534222298e+00
6.675695311900751605e+00
6.675705687549567280e+00
6.675416803719222969e+00
6.675435646949598123e+00
6.675367636621280631e+00
6.675495765114269453e+00
6.675264966960437363e+00
6.675601935636477968e+00
6.675709439903897646e+00
6.675789712554410116e+00
6.675595616107984576e+00
6.675604023929614605e+00
6.675453027683748708e+00
6.675646743506852943e+00
6.675418793357202674e+00
6.675481916727098231e+00
6.675628168113746597e+00
6.675750133066753023e+00
6.675652214153514841e+00
6.675506519565238328e+00
6.675352956360002921e+00
6.675788041654211469e+00
6.675827092914975225e+00
6.675508221508397178e+00
6.675506450180983542e+00
6.675452128307079569e+00
6.675416249626401566e+00
6.675580154734496396e+00
6.675282327729417986e+00
6.675318771469216372e+00
6.675403265271823372e+00
6.675514284227359596e+00
6.675696872016511740e+00
6.675634142593203535e+00
6.675494110038578732e+00
6.675420883980546449e+00
6.675584766876918152e+00
6.675352383539904011e+00
6.675372528826910568e+00
6.675465417783735589e+00
6.675509186833764375e+00
6.675892424142526593e+00
6.675331374823093356e+00
6.675747220927829240e+00
6.675496031210288450e+00
6.675662059199453324e+00
6.675594596831537331e+00
6.675404448594073337e+00
6.675237091659849575e+00
6.675530363779396126e+00
6.675406354901309847e+00
6.675549220723145716e+00
6.675349674003353329e+00
6.675622983878901628e+00
6.675335956914132396e+00
6.675670466160720906e+00
6.675368402607615437e+00
6.675779058359151641e+00
6.675649273530675387e+00
6.675799167275564550e+00
6.675589670731920222e+00
6.675534802381344335e+00
6.675694700522996961e+00
6.675619762630069509e+00
6.675500495772301868e+00
6.675528442048356048e+00
6.675691064526276364e+00
6.675571335617534352e+00
6.675989596693661987e+00
6.675737169111897629e+00
6.675528999417952747e+00
6.675513709914168814e+00
6.675645290142977473e+00
6.675755871296146893e+00
6.675320663557092971e+00
6.675683253720053223e+00
6.675577305882259616e+00
6.675662794107412701e+00
6.675622892452917512e+00
6.675421787933148998e+00
6.675657749503667304e+00
6.675620381909340928e+00
6.675281729487594795e+00
6.675445521611720778e+00
6.675651958425501853e+00
6.675436941210693753e+00
6.675670194343167552e+00
6.675585867550784869e+00
6.675485899297273207e+00
6.675596552083864488e+00
6.675427144078575736e+00
6.675563666696387344e+00
6.675759276035354794e+00
6.675663956847651015e+00
6.675381434371153055e+00
6.675522064462124483e+00
6.675527637422096205e+00
6.675467825473515582e+00
6.675337162317334538e+00
6.675541365971910501e+00
6.675909433063079490e+00
6.675433045196184523e+00
6.675179666999317085e+00
6.675268829667282411e+00
6.675489936347832831e+00
6.675568021181258693e+00
6.675520101682204555e+00
6.675475966988242860e+00
6.675387588163521180e+00
6.675546464840937055e+00
6.675822209996648660e+00
6.675662753363418744e+00
6.675504383046653167e+00
6.675506558689864534e+00
6.675725125828989803e+00
6.675687882281907015e+00
6.675483238075996084e+00
6.675361619596427154e+00
6.675573699367951974e+00
6.675434584811480221e+00
6.675549491593412377e+00
6.675406139567644281e+00
6.675579209276074621e+00
6.675642286114381818e+00
6.675346296576286420e+00
6.675543305348130119e+00
6.675521813123348913e+00
6.675547857385869754e+00
6.675475880407395479e+00
6.675515641525663568e+00
6.675740926519630136e+00
6.675477736883320468e+00
6.675629233269449792e+00
6.675457339191146922e+00
6.675677302234410249e+00
6.675712282846595791e+00
6.675458876691745758e+00
6.675760469566446531e+00
6.675428272173714817e+00
6.675950849433267997e+00
6.675412165180665269e+00
6.675770073228599166e+00
6.675728185907945367e+00
6.675521886737010746e+00
6.675597289044930882e+00
6.675861490983471924e+00
6.675432244831911888e+00
6.675532749821792677e+00
6.675443844701984375e+00
6.675368825387689498e+00
6.675726640873294038e+00
6.675639944703198658e+00
6.675442080282389057e+00
6.675453341572779031e+00
6.675602868576176796e+00
6.675443896452612158e+00
6.675562518028137937e+00
6.675585480406527772e+00
6.675249586434452098e+00
6.675402372401417317e+00
6.675821822065317157e+00
6.675359617681669633e+00
6.675443321616759462e+00
6.675501274442088295e+00
6.675550383498573659e+00
6.675464664943930870e+00
6.675643048095083465e+00
6.675664551901498989e+00
6.675293713440729526e+00
6.675838117484201639e+00
6.675478007283147441e+00
6.675449294179975013e+00
6.675633169702408054e+00
6.675705917082307650e+00
6.675481436386323075e+00
6.675266624427877105e+00
6.675350622475891171e+00
6.675349730121348912e+00
6.675360584454393731e+00
6.675605303781135369e+00
6.675384499006564276e+00
6.675417259445509899e+00
6.675521785114741924e+00
6.675601989776753342e+00
6.675376057388223927e+00
6.675667985167382135e+00
6.675866812129902073e+00
6.675478755195274339e+00
6.675646715069089687e+00
6.675293794236909051e+00
6.675487370085180672e+00
6.675344308001636584e+00
6.675525658196574952e+00
6.675401194193885779e+00
6.675488677581565611e+00
6.675455720595851794e+00
6.675621856552084843e+00
6.675320971258189573e+00
6.675218161745012146e+00
6.675780246217550840e+00
6.675686335310146546e+00
6.675698224706432704e+00
6.675796073905221562e+00
6.675630901162846520e+00
6.675347926034080004e+00
6.675596145286430527e+00
6.675605652928887856e+00
6.675491492154429274e+00
6.675440787718825320e+00
6.675413321400595734e+00
6.675502678598010498e+00
6.675707213937924323e+00
6.675714112303194447e+00
6.675804018208225443e+00
6.675571026292602461e+00
6.675317520776266278e+00
6.675657058643661657e+00
6.675429499319584181e+00
6.675670591502607110e+00
6.675595148329172446e+00
6.675391284223771926e+00
6.675755472747177954e+00
6.675548385208657010e+00
6.675571152175357348e+00
6.675657755440450813e+00
6.675727819676163577e+00
6.675505337981834764e+00
6.675613199221018590e+00
6.675572474955277613e+00
6.675783773840128887e+00
6.675553365620376489e+00
6.675388192752680361e+00
6.675449628463410612e+00
6.675491855490259141e+00
6.675582485925603216e+00
6.675349462385701926e+00
6.675714397514901144e+00
6.675421673369219988e+00
6.675555976105178146e+00
6.675455090639651701e+00
6.675617698221429919e+00
6.675626814447317869e+00
6.675363725771451762e+00
6.675435417808627925e+00
6.675509885165849866e+00
6.675418475144252461e+00
6.675469712012732870e+00
6.675213088442659704e+00
6.675903927271681582e+00
6.675610582219254852e+00
6.675707731425358560e+00
6.675599797513727118e+00
6.675422601857002647e+00
6.675819561264379587e+00
6.675626366188211591e+00
6.675463810933559117e+00
6.675623724231122935e+00
6.675612621728625129e+00
6.675380525481036997e+00
6.675637636087187410e+00
6.675498085942924043e+00
6.675559755797088712e+00
6.675197380230826205e+00
6.675449232267291144e+00
6.675462415606166822e+00
6.675661621059626682e+00
6.675590979152140392e+00
6.675403384264885887e+00
6.675480845358347182e+00
6.675474121350196022e+00
6.675485488879029816e+00
6.675528932742063937e+00
6.675667181859651578e+00
6.675474826943251117e+00
6.675550066694038165e+00
6.675408027634100350e+00
6.675649847611593302e+00
6.675478151406715632e+00
6.675800369140181267e+00
6.675536357253237796e+00
6.675520046421196341e+00
6.675617175167908535e+00
6.675443913839597343e+00
6.675552994466682044e+00
6.675514207269899636e+00
6.675458476771781946e+00
6.675506316231304638e+00
6.675476452046242848e+00
6.675560451628850700e+00
6.675375035815758196e+00
6.675558696666923808e+00
6.675924057643502607e+00
6.675438666317504932e+00
6.675341566363780288e+00
6.675284962197138405e+00
6.675609405616834024e+00
6.675702821467740300e+00
6.675424024664268430e+00
6.675397047765702752e+00
6.675448023088067728e+00
6.675570598508508091e+00
6.675378504572125671e+00
6.675311210180560728e+00
6.675848677819549160e+00
6.675489390825846137e+00
6.675454387361501318e+00
6.675527163308947465e+00
6.675747210266668397e+00
6.675652115850299495e+00
6.675421548919790560e+00
6.675434817160562417e+00
6.675927581519741416e+00
6.675425677045191186e+00
6.675179197461470260e+00
6.675495318884418161e+00
6.675483422392994193e+00
6.675429148427030057e+00
6.675397835689235393e+00
6.675512649467828297e+00
6.675663120155959085e+00
6.675737429450747662e+00
6.675620013889851379e+00
6.675200599844482774e+00
6.675565270271612839e+00
6.675477329554856176e+00
6.675781686824448613e+00
6.675364166996225812e+00
6.675685710491229941e+00
6.675597626373713567e+00
6.675407330041061904e+00
6.675268167397805819e+00
6.675601886114541195e+00
6.675302232990543594e+00
6.675449521610913095e+00
6.675329770406152718e+00
6.675414147277876076e+00
6.675506899246615333e+00
6.675649969601603395e+00
6.675576667962619837e+00
6.675573003743693334e+00
6.675255654636258029e+00
6.675642038525125166e+00
6.675324990619546206e+00
6.675483251178566668e+00
6.675663129571906218e+00
6.675619198181970582e+00
6.675427928881584982e+00
6.675469307301423960e+00
6.675423220824690418e+00
6.675486393290544385e+00
6.675672042210421431e+00
6.675296361013046464e+00
6.675671474733634092e+00
6.675680505710754886e+00
6.675638459771813693e+00
6.675764266248445544e+00
6.675230534613634248e+00
6.675541867894360770e+00
6.675651247985019410e+00
6.675446523801952026e+00
6.675579684450164031e+00
6.675541461211683014e+00
6.675987286528304310e+00
6.675672777647470468e+00
6.675779496187715267e+00
6.675535396546508515e+00
6.675512521474578520e+00
6.675561457675060595e+00
6.675379818279810529e+00
6.675494256859011877e+00
6.675390726498326543e+00
6.675568246681396367e+00
6.675514957375845881e+00
6.675360086790925962e+00
6.675267966987082247e+00
6.675486949204967324e+00
6.675321540430826595e+00
6.675261214064101445e+00
6.675573874573777822e+00
6.675680192086591802e+00
6.675258464073306364e+00
6.675476912789319428e+00
6.675951292027123785e+00
6.675405177976906579e+00
6.675720984367381483e+00
6.675661412855594889e+00
6.675351724062224434e+00
6.675424733867711069e+00
6.675376913266590329e+00
6.675352601622105198e+00
6.675371833050707693e+00
6.675585979406840842e+00
6.675764839242125603e+00
6.675698229743194823e+00
6.675487552099392374e+00
6.675472975303577527e+00
6.675568364143756206e+00
6.675592016075980517e+00
6.675492775250725153e+00
6.675476351925657248e+00
6.675514010859861180e+00
6.675450917310024046e+00
6.675575840553825024e+00
6.675813320633234405e+00
6.675366998206934355e+00
6.675401585511178126e+00
6.675239767005372471e+00
6.675640987764960954e+00
6.675577259994381230e+00
6.675681539889805727e+00
6.675720727461440518e+00
6.675791628217091045e+00
6.675614809324768473e+00
6.675538645658804171e+00
6.675525835403633756e+00
6.675599529855398728e+00
6.675451577374794887e+00
6.675624251331464976e+00
6.675347708339060659e+00
6.675530917002870268e+00
6.675639096997082689e+00
6.675624943494726793e+00
6.675611317327188488e+00
6.675222980914401028e+00
6.675597672162538743e+00
6.675439079973395806e+00
6.675646003437863740e+00
6.675291915167765211e+00
6.675656586984593410e+00
6.675778977167772688e+00
6.675395302216611704e+00
6.675793458567761185e+00
6.675453703809123951e+00
6.675468776618279421e+00
6.675806774067002181e+00
6.675604272162205532e+00
6.675611554799932179e+00
6.675518815637599523e+00
6.675569222279856163e+00
6.675692515306061559e+00
6.675498867370705192e+00
6.675461104109897015e+00
6.675601887058909334e+00
6.675475869916522420e+00
6.675750529312283632e+00
6.675265163026142368e+00
6.675396348646323474e+00
6.675557915233028439e+00
6.675228249310301010e+00
6.675724386358175444e+00
6.675423964332666493e+00
6.675721312685824138e+00
6.675494732362240669e+00
6.675302157878229892e+00
6.675530449000714128e+00
6.675497128470787800e+00
6.675714186221879842e+00
6.675480560295070198e+00
6.675796479279403783e+00
6.675658393424202863e+00
6.675400476231453162e+00
6.675794043705325365e+00
6.675611217359842975e+00
6.675428599527454487e+00
6.675716513184420720e+00
6.675599868577338114e+00
6.675513983021510001e+00
6.675633081468802743e+00
6.675382353549862202e+00
6.675508062405049792e+00
6.675514313689101975e+00
6.676059910677017761e+00
6.675567255500676644e+00
6.675322502467079033e+00
6.675768318006078061e+00
6.675688945131954100e+00
6.675389054595001426e+00
6.675490405311241382e+00
6.675553270951929186e+00
6.675245475156950548e+00
6.675731411609754140e+00
6.675622471539372604e+00
6.675187335792228005e+00
6.675602002854431838e+00
6.675640758583379686e+00
6.675622402044298020e+00
6.675635123983249208e+00
6.675404881649975586e+00
6.675238741618120031e+00
6.675606588232329663e+00
6.675481431287793477e+00
