6.671890083573059016e+00
6.672792828345498251e+00
6.672323754185039313e+00
6.671670848109024554e+00
6.672260254654792888e+00
6.671179306376929574e+00
6.672592734280238247e+00
6.671100263665179497e+00
6.672715707426621456e+00
6.673028888306871131e+00
6.672300332225684194e+00
6.672304426352320128e+00
6.671150768933535424e+00
6.672411521598118789e+00
6.672683017538131089e+00
6.672682142771754421e+00
6.672404380325667184e+00
6.670988136259758505e+00
6.673628988735845979e+00
6.672755405809636109e+00
6.672104468272315181e+00
6.673293898438942051e+00
6.673218911906912076e+00
6.673909953570694498e+00
6.673316252978941598e+00
6.673198102649730679e+00
6.671811914220308282e+00
6.670839843848161976e+00
6.672640546517051519e+00
6.672597328514224380e+00
6.673443177132904580e+00
6.672513018808309937e+00
6.673545357941319978e+00
6.671974207793282652e+00
6.671884014389003248e+00
6.672584426961784665e+00
6.672021705050211082e+00
6.672817007616167473e+00
6.670392420627701213e+00
6.672779428622656717e+00
6.672697412652109250e+00
6.673015452935361580e+00
6.671522789494232164e+00
6.672183600744242327e+00
6.671812597399546796e+00
6.673069613128461697e+00
6.672129555478111484e+00
6.671733858707601605e+00
6.672521428431689827e+00
6.671921589296843536e+00
6.671639577467913362e+00
6.672132332613885275e+00
6.671304172117295650e+00
6.671342967217210429e+00
6.673655321977706834e+00
6.671459846097566704e+00
6.672326631127312169e+00
6.673648152447259285e+00
6.671236534443501398e+00
6.671645472881619021e+00
6.673072527999114989e+00
6.671620329207311961e+00
6.671552221679770689e+00
6.673207672886628750e+00
6.671472898170564214e+00
6.671373627230176240e+00
6.673791884426503174e+00
6.670942218786899858e+00
6.672745535958983787e+00
6.672489410403763976e+00
6.672627176764692081e+00
6.672260718007943403e+00
6.673837731078463342e+00
6.672642117068315670e+00
6.672572982069707059e+00
6.670617001121345702e+00
6.670521167130075924e+00
6.672641845755832968e+00
6.674492377238811613e+00
6.672152686256990428e+00
6.673989377188432215e+00
6.672513529523556919e+00
6.672690257321943541e+00
6.672096183032985017e+00
6.670918341201734769e+00
6.672836390725271016e+00
6.671205292253313601e+00
6.671800951952186587e+00
6.675007220240710026e+00
6.671386327788172643e+00
6.669755774722241348e+00
6.672166680809540118e+00
6.671413689179122031e+00
6.672477489668842132e+00
6.673276488522884797e+00
6.671465227508262430e+00
6.671188121784181746e+00
6.673112428806696528e+00
6.671764809704216148e+00
6.674047840757892480e+00
6.672772408403051969e+00
6.673207090519986728e+00
6.672417458038871096e+00
6.673415631233856615e+00
6.671813271639232212e+00
6.672066315945667014e+00
6.672113381931419340e+00
6.672411338256380553e+00
6.672944993040128558e+00
6.671667684097167594e+00
6.670592491747625807e+00
6.671637270200959868e+00
6.671699871104334711e+00
6.672353040061763885e+00
6.671959909059506089e+00
6.671879992798931625e+00
6.671705696398807284e+00
6.670567082973081874e+00
6.673282270818129192e+00
6.672905713283943108e+00
6.671991500526776697e+00
6.672068178997379917e+00
6.673380573346545219e+00
6.672186343595673641e+00
6.672726278329176530e+00
6.671392584318713403e+00
6.672814754239163371e+00
6.673253776409480587e+00
6.673117614550486465e+00
6.672098278443133523e+00
6.672279111138515795e+00
6.671155397162557676e+00
6.672066273028296912e+00
6.673387790744194525e+00
6.671281682592273832e+00
6.672797454858014454e+00
6.674369728295070914e+00
6.671810250254631036e+00
6.673060754817477402e+00
6.673358979035589833e+00
6.673659386008139904e+00
6.671612332821210245e+00
6.673303722459967169e+00
6.672096018408976370e+00
6.672315542406781042e+00
6.673148787270520188e+00
6.672713695883333962e+00
6.671495010917971591e+00
6.671976236033225760e+00
6.672524194070725834e+00
6.673246584880666354e+00
6.673856068064850433e+00
6.672601003773685591e+00
6.673197338636519760e+00
6.672385841902430670e+00
6.673430773956381401e+00
6.671404205564171797e+00
6.671095549325075424e+00
6.671924515282858792e+00
6.673547336923840056e+00
6.671979598470803019e+00
6.672665842243178602e+00
6.672702766848755296e+00
6.672958469632939149e+00
6.673707244902278291e+00
6.673474222303371839e+00
6.673048665913301924e+00
6.672410366881778465e+00
6.672720224605330763e+00
6.672244197407701805e+00
6.671688986350971184e+00
6.671592415466338188e+00
6.673018428142609260e+00
6.672800159595537295e+00
6.669228762531925980e+00
6.671943777495550343e+00
6.672342118414258394e+00
6.672952164816186915e+00
6.673607294452633454e+00
6.671854227743307497e+00
6.670637540827543788e+00
6.671695307140891984e+00
6.671694228173613794e+00
6.671470059603906932e+00
6.670728856340411461e+00
6.673227460699266089e+00
6.671379081226873176e+00
6.672609096130190487e+00
6.672173535933996646e+00
6.670951102564717239e+00
6.671936256716329616e+00
6.673759815600072365e+00
6.672901961160582651e+00
6.670310617847081680e+00
6.672501098425714261e+00
6.672596665961780360e+00
6.671994332813197204e+00
6.670782657643903768e+00
6.671788048123457493e+00
6.672179503994629890e+00
6.673152273608702778e+00
6.672850205174122529e+00
6.672243585772999808e+00
6.671184929667012931e+00
6.672058602114137926e+00
6.670851746171432062e+00
6.672544903105040781e+00
6.671228357696479705e+00
6.673364640685573335e+00
6.673485806771036977e+00
6.672273403616896026e+00
6.672946350982426722e+00
6.673017068932815654e+00
6.671951457155667953e+00
6.671305292152876376e+00
6.671988081071696719e+00
6.673532498817960956e+00
6.671332218940785985e+00
6.672435368864436889e+00
6.672658392285262252e+00
6.672646876482641431e+00
6.671854362907844838e+00
6.671722788591499587e+00
6.673002668447265862e+00
6.671467940990919665e+00
6.671645320144714120e+00
6.671756966550539403e+00
6.670008020605485477e+00
6.673506181505068469e+00
6.672194088054684613e+00
6.672503452144764147e+00
6.672534177891300544e+00
6.671344773708280940e+00
6.671110197336927783e+00
6.672929830265366569e+00
6.673344341267231528e+00
6.674074815886415379e+00
6.672274256085314548e+00
6.674192103449654745e+00
6.673460639782637038e+00
6.673019389626905884e+00
6.672501322249810407e+00
6.672817646496437050e+00
6.671961289647313720e+00
6.671946484804713862e+00
6.672609040033908201e+00
6.673542549320308659e+00
6.673650538731271453e+00
6.673267994797277503e+00
6.672974043776274122e+00
6.670582689544324317e+00
6.671842015938322490e+00
6.672237231834560411e+00
6.671822074491687182e+00
6.671524237139091262e+00
6.673298868552384633e+00
6.671424665236670215e+00
6.671058819438672849e+00
6.672961576895120039e+00
6.673229324689822661e+00
6.671761912464340583e+00
6.673154578736069098e+00
6.672298590907092652e+00
6.673263379339433143e+00
6.672633295758323868e+00
6.672810610151453936e+00
6.672747669662536296e+00
6.671671415112979453e+00
6.671447121896887822e+00
6.674286482054641034e+00
6.671847691561251459e+00
6.673367191579872681e+00
6.673170125466266533e+00
6.673710390019384597e+00
6.672156655863886954e+00
6.673956402480049732e+00
6.672751295357802093e+00
6.672909529488308067e+00
6.672570105856954648e+00
6.671794040194725106e+00
6.673387145716916713e+00
6.670726226596441322e+00
6.670807400173198509e+00
6.670882536672043450e+00
6.672345322727497141e+00
6.671913336326511512e+00
6.671686629387900247e+00
6.672149478608859319e+00
6.672613246519492058e+00
6.672674025083860982e+00
6.671502208920207622e+00
6.673957976748154053e+00
6.672147279504745399e+00
6.669725078008646335e+00
6.672273665929077779e+00
6.673603323111819918e+00
6.671258629576955812e+00
6.673469350522591270e+00
6.671886794720979452e+00
6.672792416542842275e+00
6.672240270928858408e+00
6.671803587462266094e+00
6.671956615516376310e+00
6.672316380172195416e+00
6.673239218813690421e+00
6.672057364818313019e+00
6.673435843420567615e+00
6.672959875540397157e+00
6.673336939156026659e+00
6.672140916712875125e+00
6.671316218342609794e+00
6.672587497301099901e+00
6.671833575360095914e+00
6.673535343072226844e+00
6.670797609068785050e+00
6.672503364544978055e+00
6.672440542112183515e+00
6.672948680644312347e+00
6.673224844653042886e+00
6.673526922221656221e+00
6.674381445462050699e+00
6.671706749662720703e+00
6.671562589245233710e+00
6.671579340517790335e+00
6.670204458172820594e+00
6.673323768715751392e+00
6.673695700895193816e+00
6.672577792512239370e+00
6.672629199137475986e+00
6.673015543585903764e+00
6.673811165707318693e+00
6.670656188105209772e+00
6.672379101478513874e+00
6.670643289683412469e+00
6.673812720490001738e+00
6.671884762649426648e+00
6.673152271287977833e+00
6.673881410103584599e+00
6.671151740823732190e+00
6.670917530728334377e+00
6.672576176706669138e+00
6.669829606577566850e+00
6.671237358776850535e+00
6.672464642624250430e+00
6.671740455489686639e+00
6.671068331919198791e+00
6.671360176344191650e+00
6.671352542971238364e+00
6.672972442702650220e+00
6.671904592322905003e+00
6.672432194402817984e+00
6.671916527701020172e+00
6.673551813852077075e+00
6.670700260197851783e+00
6.672030323138395502e+00
6.669762250213817190e+00
6.672908511014217225e+00
6.671405084151911247e+00
6.672177450862736059e+00
6.673602578452801026e+00
6.672468504937525857e+00
6.672148485553467623e+00
6.670293798198029478e+00
6.671458905283653706e+00
6.672380872258797169e+00
6.671765710886565337e+00
6.672541075013358913e+00
6.672138021863255553e+00
6.672945692171785126e+00
6.673344566697244851e+00
6.673304402347059572e+00
6.671715872890669807e+00
6.672313950738452348e+00
6.671369326315127246e+00
6.671872906803077541e+00
6.672809153143465011e+00
6.672008115725138744e+00
6.673680046961503187e+00
6.671578854368227063e+00
6.673109817609447880e+00
6.670947727474582756e+00
6.673606675098147534e+00
6.672808391772346859e+00
6.671555839919142805e+00
6.671869702422328352e+00
6.670925255390101505e+00
6.669244189980313209e+00
6.672317194201082380e+00
6.673039046090347703e+00
6.672440862171197473e+00
6.672969402013403162e+00
6.670766194946569527e+00
6.673605257149441528e+00
6.670390484874859638e+00
6.671308576359186837e+00
6.671138110708557889e+00
6.671870578507906657e+00
6.672166043979276040e+00
6.672748621562668347e+00
6.670281868903953360e+00
6.674089847804114406e+00
6.671065346282500919e+00
6.671746603174410595e+00
6.671416352877203693e+00
6.671255100219316780e+00
6.673535818348695692e+00
6.672164169992888638e+00
6.674603427411265777e+00
6.672635468052063423e+00
6.673646132633258787e+00
6.672998242134586810e+00
6.670013160371420113e+00
6.672622283079257421e+00
6.672624203983783531e+00
6.673268478019317662e+00
6.672269760477475664e+00
6.673420747877296222e+00
6.671406572551381586e+00
6.672350540873819291e+00
6.671493839132057957e+00
6.671611494406750609e+00
6.671676223549368068e+00
6.672664907837825510e+00
6.672212181737750214e+00
6.670776623678837502e+00
6.671690989948159789e+00
6.671884669980370219e+00
6.673147859396689974e+00
6.672213612822313955e+00
6.672651991575854424e+00
6.670939137743213010e+00
6.673040887488459916e+00
6.672378200655381342e+00
6.673384974720080187e+00
6.673373358617955553e+00
6.671119490681702402e+00
6.671185166600833938e+00
6.673078815000502040e+00
6.672270437648252894e+00
6.671204551733134203e+00
6.674097826709643577e+00
6.671184574246242782e+00
6.673213816559004918e+00
6.671442879213446808e+00
6.672037226617067773e+00
6.670046329283713327e+00
6.672497519700407942e+00
6.671236097207780880e+00
6.672605453215389559e+00
6.671928535078907707e+00
6.672633298277423464e+00
6.672144484413777832e+00
6.672819534711205591e+00
6.671661958891159649e+00
6.673379975806891906e+00
6.673410703685772383e+00
6.671209462116507005e+00
6.671754516137413660e+00
6.673599733471179185e+00
6.673658746421895493e+00
6.673892037313711612e+00
6.671711113981147356e+00
6.671247823998532667e+00
6.673188964105455590e+00
6.673502942226244627e+00
6.671528031398310077e+00
6.672338728362653626e+00
6.671631098174447771e+00
6.672318913130104612e+00
6.673030217766686256e+00
6.672294898007360864e+00
6.671720225227447010e+00
6.672848823334410540e+00
6.673646453027417991e+00
6.673797985029486846e+00
6.672290737555975682e+00
6.671483775805085337e+00
6.674455115316022535e+00
6.672431395021088285e+00
6.674145881656137647e+00
6.671624382036125844e+00
6.672304281402669623e+00
6.671946807144262692e+00
6.671415665326773770e+00
6.673795168488425134e+00
6.674088551734401520e+00
6.670745427434190411e+00
6.671990140520931867e+00
6.672653329665338084e+00
6.672993503821446737e+00
6.672477305374068024e+00
6.672352372396773035e+00
6.670577805163357077e+00
6.670312397030337515e+00
6.672124530474714099e+00
6.673276113186212832e+00
6.672303314295603194e+00
6.673028092891462038e+00
6.673952411507054094e+00
6.671837870243082946e+00
6.672025544720146861e+00
6.673784184193050528e+00
6.672429636138410558e+00
6.671821691366558227e+00
6.671618220280412181e+00
6.673549820519111719e+00
6.671382152487375095e+00
6.674357497165904540e+00
6.670716543638831375e+00
6.673329011486281104e+00
6.671201532911868348e+00
6.673587435091263842e+00
6.671759394686154643e+00
6.672952308289642254e+00
6.673039508599083902e+00
6.670910201946274931e+00
6.672754538283816927e+00
6.671588158707990601e+00
6.673914724614584237e+00
6.671724972455394642e+00
6.671641658486185733e+00
6.672254944279979227e+00
6.671592995732742004e+00
6.672784525439694470e+00
6.672211306463240454e+00
6.673023539148976724e+00
6.672136639995074781e+00
6.672905372104990462e+00
6.672772835253847568e+00
6.672602752811824800e+00
6.673100441763750723e+00
6.671120933222703719e+00
6.672415523111434155e+00
6.671663053605453975e+00
6.671551040534478005e+00
6.673211904535006234e+00
6.671449228137693588e+00
6.671844359339122121e+00
6.672024220124625593e+00
6.672582337889142678e+00
6.671854569192628759e+00
6.673353448676980548e+00
6.672957911212041182e+00
6.673134270681474689e+00
6.672973186403874379e+00
6.671246973554384674e+00
6.672586027216440563e+00
6.671716294363063682e+00
6.672745123122679090e+00
6.671725860914150097e+00
6.673736861382336905e+00
6.672616640600843141e+00
6.672948555236439816e+00
6.671457246130399810e+00
6.672264975530291409e+00
6.672770411253904577e+00
6.672458095792594968e+00
6.671581146882464175e+00
6.674123224153056810e+00
6.672445555170392950e+00
6.672993037377707992e+00
6.672678456697131111e+00
6.671476544780077234e+00
6.673615442579316159e+00
6.672760213245708449e+00
6.671992706298897069e+00
6.672104393899660479e+00
6.672117515576873714e+00
6.672266931531469325e+00
6.672566772716096217e+00
6.672527254685530984e+00
6.671816330764086977e+00
6.671201831240033187e+00
6.671071470666045222e+00
6.673204183483434804e+00
6.672819109762663459e+00
6.672433316370049106e+00
6.671987104374797362e+00
6.673696440200465041e+00
6.671785875108711572e+00
6.673468761613841060e+00
6.672941230410073032e+00
6.673708407315098512e+00
6.670976386396505475e+00
6.672153070579089906e+00
6.672070500874734300e+00
6.671444629199030807e+00
6.672243199023128568e+00
6.671020773871790155e+00
6.672359132287140504e+00
6.671684104071371912e+00
6.671998847546698030e+00
6.672680921522940345e+00
6.671388203947607565e+00
6.673464503941804793e+00
6.672506263574536689e+00
6.670942107084575134e+00
6.672142101736904252e+00
6.672150973274237451e+00
6.672608522006792775e+00
6.673130685576611931e+00
6.672280442583866211e+00
6.672021783589062949e+00
6.672945471098470804e+00
6.673630144043687373e+00
6.672599326108405116e+00
6.671978903980257058e+00
6.671372472480632254e+00
6.672943937044044205e+00
6.671971526359357973e+00
6.673214736571494221e+00
6.671898244835918312e+00
6.673055597966496499e+00
6.671778969888692679e+00
6.672868602039232044e+00
6.672290734671261880e+00
6.672959940013852176e+00
6.673297676917758992e+00
6.672045044225374255e+00
6.672330084155625229e+00
6.673070528940082902e+00
6.671393875478410784e+00
6.671728261827079898e+00
6.672715943731360788e+00
6.672675425668059823e+00
6.673253679278577266e+00
6.673331154560067979e+00
6.671329822187811232e+00
6.672802355205169178e+00
6.671927168038627620e+00
6.672600173592865502e+00
6.671898472889448151e+00
6.671555309855499161e+00
6.673011317388820807e+00
6.673148920964056430e+00
6.673952084443442345e+00
6.670699493510634071e+00
6.672578016343622132e+00
6.672883287295424459e+00
6.672513710313912938e+00
6.671532196433132000e+00
6.672527285573885969e+00
6.671785533552138325e+00
6.673343231657481667e+00
6.672300304367773549e+00
6.670765333927749730e+00
6.673640490488154775e+00
6.671414107342020117e+00
6.672757877888024325e+00
6.672971886594988966e+00
6.672709495488245324e+00
6.673836392496363068e+00
6.671856217936523059e+00
6.672491902215583082e+00
6.672478599163338409e+00
6.673370595508056446e+00
6.674148803375261174e+00
6.672887586170210383e+00
6.673223293331083994e+00
6.672506149569630729e+00
6.673164995123563870e+00
6.672342336174600597e+00
6.671345728659827223e+00
6.672061883729304199e+00
6.671883455293272647e+00
6.671461908567575705e+00
6.671257421612842187e+00
6.674522317601390142e+00
6.672833671035482084e+00
6.672959710378580489e+00
6.671095725776017282e+00
6.671416181251582422e+00
6.672157713673270152e+00
6.672075651578100342e+00
6.673325591968677806e+00
6.672066230295847333e+00
6.672863472918843186e+00
6.671727868054138533e+00
6.671671138799780465e+00
6.669859577114540805e+00
6.672947393065368438e+00
6.674196538185521277e+00
6.672951602523378156e+00
6.672825806597970200e+00
6.671907572749490534e+00
6.670892660572627086e+00
6.672969693644874134e+00
6.674139091289587711e+00
6.672772901738549756e+00
6.671743252611538999e+00
6.671163240032318420e+00
6.670846483200818078e+00
6.673200512541376028e+00
6.671385363718354888e+00
6.672826438682903927e+00
6.673482491149949070e+00
6.673243069575737429e+00
6.672629161893946836e+00
6.672407885836240560e+00
6.672532051841227663e+00
6.670549873508987204e+00
6.672924077858807479e+00
6.674214337215305548e+00
6.673516268659796857e+00
6.672552490620707211e+00
6.674166769118176745e+00
6.672218388408145628e+00
6.670567356071419596e+00
6.671325569710834458e+00
6.672223705611895817e+00
6.672945003782710494e+00
6.671139376270835974e+00
6.671260964949184746e+00
6.671439598654012038e+00
6.671849548908677541e+00
6.672626520920196924e+00
6.672835721859060598e+00
6.670984806504302256e+00
6.672080765936915903e+00
6.671678703945090660e+00
6.672347411264471617e+00
6.673486487697394054e+00
6.673091118385527487e+00
6.672909946631885525e+00
6.673091116895988328e+00
6.672589396269397177e+00
6.671945955598879152e+00
6.672026618972206613e+00
6.673190631201766365e+00
6.673776317531233460e+00
6.671967223288325144e+00
6.672843182213615165e+00
6.671680553763846611e+00
6.671385476108159018e+00
6.672610786171580877e+00
6.672406811786133929e+00
6.672039990859368608e+00
6.672339546060339188e+00
6.672588688189020623e+00
6.672481863254446921e+00
6.671679370901827610e+00
6.670756539836213861e+00
6.672449703799373744e+00
6.672915644962511550e+00
6.672817968522892329e+00
6.671385033160881051e+00
6.672465452087521065e+00
6.672369982776689135e+00
6.673739107672803428e+00
6.672787264198006163e+00
6.673557599505750559e+00
6.673065497095835852e+00
6.671743873176234629e+00
6.673532127505744427e+00
6.672529204478770737e+00
6.673183053108678209e+00
6.672457700639638389e+00
6.673513509537045252e+00
6.673549600469191212e+00
6.673453050505826489e+00
6.674340590999782385e+00
6.673079351046289354e+00
6.672239532187245636e+00
6.671707793263328412e+00
6.671531324765431314e+00
6.672956719775174683e+00
6.671916153436381336e+00
6.671909676948407864e+00
6.673252526627543091e+00
6.672391842976788112e+00
6.673691318216706136e+00
6.670683182007227430e+00
6.671264321328732372e+00
6.671807934905892523e+00
6.672608225680057181e+00
6.672351785472183217e+00
6.672524270162585758e+00
6.672701388369612907e+00
6.673838640410936662e+00
6.671503784908320078e+00
6.671095323850029679e+00
6.673733798978996212e+00
6.671719141047302237e+00
6.672089369502206324e+00
6.671103415965108141e+00
6.673475252366426247e+00
6.672796098571118328e+00
6.673525787540199872e+00
6.671511714410909732e+00
6.672609911776548941e+00
6.672154676127347805e+00
6.672830394061933568e+00
6.671597437662204477e+00
6.671026995156869255e+00
6.671400037101581582e+00
6.673030173609865834e+00
6.672395328271348625e+00
6.674013279860536940e+00
6.670842932051966656e+00
6.671523345252672321e+00
6.671318636417558956e+00
6.672871047331865313e+00
6.672511701260432027e+00
6.672554495810004482e+00
6.672914648163386531e+00
6.671416452642684902e+00
6.673209093094554234e+00
6.672242082000645169e+00
6.674232437520823957e+00
6.673584562137507170e+00
6.673183584216525688e+00
6.672880322912733142e+00
6.672374599946757634e+00
6.672365858870398014e+00
6.672818859294643801e+00
6.671536509893064348e+00
6.672747061435467586e+00
6.671193556090628363e+00
6.673498787533443277e+00
6.671784329584039774e+00
6.671974821779919296e+00
6.670232212142426675e+00
6.673018093721004185e+00
6.674170955810927452e+00
6.670558907333503207e+00
6.673349383778269583e+00
6.672501935336197398e+00
6.671640728890745997e+00
6.672504370238713456e+00
6.672051216321928990e+00
6.673415451844504354e+00
6.672032042709673760e+00
6.672869416416307153e+00
6.672786825091990615e+00
6.672266259429824764e+00
6.673022450179304066e+00
6.672335066303815232e+00
6.673737638354812596e+00
6.671264066604991605e+00
6.672632272709014600e+00
6.673145925977127746e+00
6.671685389682004086e+00
6.672576538024317827e+00
6.672912091789000577e+00
6.673072596955885949e+00
6.670032452672479018e+00
6.671942611394057643e+00
6.671884196602440475e+00
6.670773684763369182e+00
6.670638936425206111e+00
6.671945802035317286e+00
6.672945817326234597e+00
6.672055190594714524e+00
6.670464721500326100e+00
6.670137882971701515e+00
6.672339356381472797e+00
6.672753842322318718e+00
6.670894761509239324e+00
6.673534439245905503e+00
6.674737899892797088e+00
6.672569118867001770e+00
6.671256702126656002e+00
6.673009259087980816e+00
6.670926377598413559e+00
6.672613963654733915e+00
6.673038864276305659e+00
6.672962146860089483e+00
6.671498557782257421e+00
6.673236697867207745e+00
6.671221429512676160e+00
6.671450176086037409e+00
6.671799957009230120e+00
6.673669580836192772e+00
6.671885211211334266e+00
6.673672322955273017e+00
6.672753337852017630e+00
6.672428239108305625e+00
6.672602613962144602e+00
6.672483931925572875e+00
6.673126786333417826e+00
6.673395324971611586e+00
6.672053796420603256e+00
6.672330618794498847e+00
6.670092196937499551e+00
6.672374632426827823e+00
6.671002298732259028e+00
6.672085319559133865e+00
6.672095225532530094e+00
6.671362069825942598e+00
6.673251305733117533e+00
6.670476771743467204e+00
6.672964752923848053e+00
6.672789922174129806e+00
6.673856286913872005e+00
6.672560598106183960e+00
6.673066993212137810e+00
6.673189147352291073e+00
6.672103490858942720e+00
6.671111174520723885e+00
6.671453316182222260e+00
6.670971714006335596e+00
6.672715483198348174e+00
6.671225192089436540e+00
6.670995249884343892e+00
6.671299637776916924e+00
6.671236012975854557e+00
6.673235334338242453e+00
6.671485971292021588e+00
6.672267727319851183e+00
6.672725882008918141e+00
6.670997837217900184e+00
6.671874569272278954e+00
6.672274491064740687e+00
6.672695680170379617e+00
6.672898966088776973e+00
6.670743520114631231e+00
6.672612299358245735e+00
6.672728233389896957e+00
6.672188222099230792e+00
6.671895382141506126e+00
6.671267093148984806e+00
6.673000265273028475e+00
6.672719993478442468e+00
6.671420672698386234e+00
6.672984409393316163e+00
6.670911999889878707e+00
6.674746612794106859e+00
6.674155658179475203e+00
6.673975625528116851e+00
6.672799815895247733e+00
6.670982376164472427e+00
6.673775312209230037e+00
6.672062936073143824e+00
6.673053307424660296e+00
6.674325127729641594e+00
6.672752404688886863e+00
6.670855529335358192e+00
6.672348441787708140e+00
6.673446784620561623e+00
6.670095541098217673e+00
6.672580715656868833e+00
6.674161269925149575e+00
6.673153372251998228e+00
6.671171145263589786e+00
6.672316212064545837e+00
6.672257205498905108e+00
6.671523613321245882e+00
6.671233426378813114e+00
6.673197106512611221e+00
6.672933167874155025e+00
6.674349828172099208e+00
6.673157689782698299e+00
6.673212851273921942e+00
6.673454838386111199e+00
6.673890065047679343e+00
6.673465483802782039e+00
6.671629945712838072e+00
6.673020951553329638e+00
6.671673630847762659e+00
6.673617156806765038e+00
6.672979134069652041e+00
6.671724734721113492e+00
6.672537885253133183e+00
6.670742136999431970e+00
6.672018239186893851e+00
6.672057852030282454e+00
6.671392359083737844e+00
6.671922037244525150e+00
6.672528235894427340e+00
6.673141766973706090e+00
6.671398350261180887e+00
6.672399570656835088e+00
6.671700005112148446e+00
6.671835499654457990e+00
6.671439131345046292e+00
6.672750598874024774e+00
6.671438625087614760e+00
6.672482495985611273e+00
6.672038347791729329e+00
6.673284100732352009e+00
6.673910402652109219e+00
6.670649301486960780e+00
6.672308032561712565e+00
6.672309066143751188e+00
6.671499703688544614e+00
6.672536261981938388e+00
6.672982530323537276e+00
6.673175726553011167e+00
6.672272080878013156e+00
6.672289799162068213e+00
6.672686440309110623e+00
6.673579424846913355e+00
6.671904184679163130e+00
6.672787873541224712e+00
6.672406541972392802e+00
6.671296413838251560e+00
6.671862472743008254e+00
6.672960304206564608e+00
6.670089299990985765e+00
6.671728689132173429e+00
