6.674234438824391269e+00
6.674043095476434928e+00
6.674224900333018518e+00
6.674092935254552827e+00
6.674103957816169164e+00
6.674180690984008457e+00
6.674158990618978216e+00
6.674108847151049240e+00
6.674193897646292228e+00
6.674334287953269218e+00
6.674177821215788065e+00
6.674078988889863062e+00
6.674190198670459928e+00
6.674063120895995738e+00
6.674130155493553040e+00
6.674257251502289101e+00
6.674106567945030655e+00
6.674241034152968766e+00
6.674234800128534317e+00
6.674091316949112951e+00
6.674274663945011454e+00
6.674148748535080777e+00
6.674109885060006242e+00
6.674191820229789407e+00
6.674074845020845359e+00
6.674086637219615703e+00
6.674256676627713603e+00
6.674101829327605984e+00
6.674190102381163392e+00
6.674095435151486733e+00
6.674088887235608780e+00
6.674252058825396183e+00
6.674206602057353166e+00
6.674163301960241768e+00
6.674142182833705306e+00
6.674163381596414979e+00
6.674150895768460323e+00
6.674239781877899347e+00
6.674143695749916283e+00
6.674271214480770098e+00
6.674103627139574613e+00
6.674078459914819739e+00
6.674082232076659515e+00
6.673989996825737236e+00
6.674344146843875336e+00
6.674168052088657710e+00
6.674249045354302190e+00
6.674247315121779600e+00
6.674201262484577235e+00
6.674256560898985668e+00
6.674207742500955831e+00
6.674172493782768001e+00
6.674243715575071789e+00
6.674148723876967892e+00
6.674261909274703974e+00
6.674140819157945437e+00
6.674421033814918580e+00
6.674183985482861736e+00
6.674186034733868844e+00
6.674239980524431459e+00
6.674176566933765820e+00
6.674112886733055028e+00
6.674285940473916767e+00
6.674172176965962322e+00
6.674280873815919612e+00
6.674110310056439843e+00
6.674240638056943453e+00
6.674275386970970558e+00
6.674138882372235848e+00
6.674070202914077932e+00
6.674168793432920133e+00
6.674203175949013911e+00
6.674300044303615564e+00
6.674282985162757420e+00
6.674157199857856604e+00
6.674210624385976232e+00
6.674255659772693861e+00
6.674242898044274064e+00
6.674186428122802717e+00
6.674014787137886984e+00
6.674208451512058105e+00
6.674285683537736880e+00
6.674148599832141038e+00
6.674228918162618207e+00
6.674280804452901172e+00
6.674143860120735461e+00
6.673995501714330203e+00
6.674270659958578378e+00
6.674099337064170356e+00
6.674170033724410089e+00
6.674154630949050926e+00
6.674011908372587065e+00
6.674177387528879457e+00
6.674223451343331170e+00
6.674187482871178467e+00
6.674092885732748393e+00
6.674166344088519054e+00
6.674237860307133730e+00
6.674162671506320699e+00
6.674111364845438210e+00
6.674168981888156438e+00
6.674122816361740540e+00
6.674176174187549826e+00
6.674241903906737328e+00
6.674091445822468494e+00
6.674101607424414162e+00
6.674266167540904959e+00
6.674107052075998858e+00
6.674299852539369304e+00
6.674168496909376636e+00
6.674150982241775054e+00
6.674146728374336313e+00
6.674156264483468881e+00
6.674270794363823534e+00
6.674182374318396782e+00
6.674143990403015536e+00
6.674059753802186634e+00
6.674265456130751950e+00
6.674228804730867104e+00
6.674162017016729287e+00
6.674147075948628327e+00
6.674228713557861958e+00
6.674119987885871907e+00
6.674167212739946287e+00
6.674374456955786350e+00
6.674143204033176957e+00
6.674243564952654140e+00
6.674216373790558876e+00
6.674261388182935129e+00
6.674315763858611028e+00
6.674252954425114126e+00
6.674270536291090572e+00
6.674329022079759532e+00
6.674120500518870180e+00
6.674265747074288768e+00
6.674276277601155272e+00
6.674148191172893263e+00
6.674175940397511830e+00
6.674127998431150566e+00
6.674366641915421283e+00
6.674228111747767755e+00
6.674146185832730893e+00
6.674055787403048612e+00
6.674131704850548630e+00
6.674325535668116594e+00
6.674092576851333725e+00
6.674126638103507148e+00
6.674044493658692012e+00
6.674139579358524088e+00
6.674328723300717137e+00
6.674079401582256210e+00
6.674343945068262229e+00
6.674236052487196424e+00
6.674149147902946666e+00
6.674259057398419515e+00
6.674176223096187854e+00
6.674176306461516717e+00
6.674017657016046989e+00
6.674131400809704573e+00
6.674119202028423459e+00
6.674114290086200718e+00
6.674063826950688672e+00
6.674030050642985934e+00
6.674340081291825655e+00
6.674088845852689467e+00
6.674173239954578563e+00
6.674120334901146201e+00
6.674098281436264379e+00
6.674193682757552537e+00
6.674145123494771070e+00
6.674154144714081305e+00
6.674221760208811638e+00
6.674211186705444554e+00
6.674225869188189719e+00
6.674094800725701937e+00
6.674152921137935124e+00
6.674169214361862501e+00
6.674257714742285685e+00
6.674289701347224657e+00
6.674055344494305153e+00
6.674117492667095419e+00
6.674202360774939891e+00
6.674214737026755273e+00
6.674082620461692983e+00
6.674135026593613240e+00
6.674194074007557376e+00
6.674278490333469094e+00
6.674205476010890870e+00
6.674119152401039479e+00
6.674164557359655525e+00
6.674250599364397019e+00
6.674233103011784074e+00
6.674172486618987321e+00
6.674217349952825451e+00
6.674199798313544818e+00
6.674153406258559684e+00
6.674141877348191088e+00
6.674203538164361404e+00
6.674056637553686500e+00
6.674139372425559102e+00
6.674090381766959013e+00
6.674165843247702234e+00
6.674166630566038982e+00
6.674237663072046800e+00
6.674273722049995250e+00
6.674152209029378113e+00
6.674208128773280180e+00
6.674153010953222775e+00
6.674278876886933887e+00
6.674208994517591975e+00
6.674129334773398980e+00
6.674268426498207951e+00
6.674238962840755462e+00
6.674359264307702766e+00
6.674192450834819823e+00
6.674168358561081149e+00
6.674150092237237430e+00
6.674312307583820214e+00
6.674138157665925775e+00
6.674178824381533204e+00
6.674181214208094737e+00
6.674150809470851264e+00
6.674302256490944885e+00
6.674061844475520644e+00
6.674152263914539418e+00
6.674174823755782526e+00
6.674232522227859121e+00
6.674125098211050933e+00
6.674138888300070960e+00
6.674160797613270191e+00
6.674321978601152949e+00
6.674252642851612016e+00
6.674250762313838514e+00
6.674210301260631084e+00
6.674173782371667585e+00
6.674048708149964426e+00
6.674172061517611887e+00
6.674162635212711692e+00
6.674236382132570533e+00
6.674067554059268659e+00
6.674150203338034437e+00
6.674150550027810880e+00
6.674175565262692622e+00
6.674195263508101661e+00
6.674153011679904601e+00
6.674232167595469889e+00
6.674190823241223924e+00
6.674236872655727737e+00
6.674184161019495853e+00
6.674160145171960323e+00
6.674182896284968969e+00
6.674177416279670538e+00
6.674284721550293398e+00
6.674247648499577856e+00
6.674169178098654953e+00
6.674193478891758957e+00
6.674330696650381256e+00
6.674222396635016707e+00
6.674189390813565659e+00
6.674271190654081032e+00
6.674088381857958829e+00
6.674230805374131492e+00
6.674250173977195111e+00
6.674248806904683029e+00
6.674197020658265700e+00
6.674100208357739206e+00
6.674213086342816403e+00
6.674289013275640947e+00
6.674241176749704074e+00
6.674176626688522518e+00
6.674051594494732065e+00
6.674324435431722158e+00
6.674298014014554248e+00
6.674062250594611001e+00
6.674172759028464519e+00
6.674193696855305724e+00
6.674171278146606490e+00
6.674022131356782239e+00
6.674135540999665217e+00
6.674298914828268536e+00
6.674119346229537619e+00
6.674211841485877095e+00
6.674291381379410026e+00
6.674182791700687289e+00
6.674287619668782590e+00
6.674107518184885457e+00
6.674133443154787848e+00
6.674203635642719235e+00
6.674387590763152467e+00
6.674118338101362014e+00
6.674283982011390393e+00
6.674306058026099109e+00
6.674186918093822030e+00
6.674237192455896306e+00
6.674255398887532387e+00
6.674209123175361746e+00
6.674260470149985025e+00
6.674097296153794545e+00
6.674287059154337065e+00
6.674152864917347827e+00
6.674181086713019795e+00
6.674015358261623732e+00
6.674178212629679585e+00
6.674256911991532704e+00
6.674263716893617193e+00
6.674290092108322803e+00
6.674297161605903916e+00
6.674181171669134827e+00
6.674095888722948899e+00
6.674162888668403681e+00
6.674373980514696214e+00
6.674167649827950299e+00
6.674216242673914223e+00
6.674131767366889179e+00
6.674334401229268465e+00
6.674120934568901653e+00
6.674131330500024717e+00
6.674098259853742832e+00
6.673995044614708938e+00
6.674213679349763062e+00
6.674062630351127900e+00
6.674269472135743619e+00
6.674114075633623244e+00
6.674262128379096382e+00
6.674118671881746678e+00
6.674140200617229013e+00
6.674124200546741825e+00
6.674190499405579402e+00
6.674158648998421484e+00
6.674215141957306585e+00
6.673997566360740485e+00
6.674268751813700717e+00
6.674246944749299360e+00
6.674121200734081327e+00
6.674264490459069776e+00
6.674256246466517162e+00
6.674250754387772488e+00
6.674163044776594056e+00
6.674273345924556011e+00
6.674073819168564015e+00
6.674163364412209809e+00
6.674170465945223008e+00
6.674233674062493904e+00
6.674176949274581716e+00
6.674166319309164486e+00
6.674285639827566285e+00
6.674168101953752874e+00
6.674245034997518644e+00
6.674222909188623376e+00
6.674159059436662211e+00
6.674182520607964797e+00
6.674153087482622482e+00
6.674056525990020639e+00
6.673936789368475786e+00
6.674237368588609165e+00
6.674201492367298094e+00
6.674164987871917809e+00
6.674237087641920141e+00
6.674214237093106128e+00
6.674077625115266699e+00
6.674147096711755545e+00
6.673984470688211879e+00
6.674135171424475210e+00
6.674246818924159719e+00
6.674086812737192176e+00
6.674236341147099516e+00
6.674249199202632710e+00
6.674224321103639390e+00
6.674230025523779197e+00
6.674093866567210931e+00
6.674262047216662275e+00
6.674161669840342093e+00
6.674156162831372363e+00
6.674235579287109310e+00
6.674317220467138156e+00
6.674077503069304917e+00
6.674343310975039856e+00
6.674265714618917045e+00
6.674122553547487513e+00
6.674266880284851489e+00
6.674297845091403225e+00
6.674227757241473213e+00
6.674190863175485156e+00
6.674254366134102057e+00
6.674166353814270813e+00
6.674147971437502491e+00
6.674225907687153736e+00
6.674257585382158631e+00
6.674069565432192874e+00
6.674186131022551649e+00
6.674145810108784715e+00
6.674135125430595394e+00
6.674164257687706048e+00
6.674141354159909056e+00
6.674177686035625001e+00
6.674096191764482988e+00
6.674215164787067778e+00
6.674248323868207322e+00
6.674303792200680263e+00
6.674121547624729089e+00
6.674151218020219822e+00
6.674227708670382953e+00
6.674154588033505142e+00
6.674085701787420000e+00
6.674177517036414820e+00
6.674158766058915226e+00
6.674295342299457978e+00
6.674162909320593862e+00
6.674277330874610392e+00
6.674210091800945044e+00
6.674126438123072269e+00
6.674044419239840487e+00
6.674157726574975413e+00
6.674108072206222708e+00
6.674183454923400483e+00
6.674131487876410418e+00
6.674128312079655956e+00
6.674141407719305086e+00
6.674160455472494036e+00
6.674150306838382285e+00
6.674255717968385682e+00
6.674253194389466515e+00
6.674229382066607208e+00
6.674294807103876792e+00
6.674283923764792625e+00
6.674152152701672946e+00
6.674135245122906568e+00
6.674218522310082946e+00
6.674073739854981646e+00
6.674175909191497169e+00
6.674218612260499839e+00
6.674115621895408523e+00
6.674168527565205622e+00
6.674096951236262676e+00
6.674278789296806735e+00
6.674336144799123183e+00
6.674166521185649792e+00
6.674212869862812703e+00
6.674264587837663854e+00
6.674114108579892068e+00
6.674222057238028860e+00
6.674211304556645352e+00
6.674177389600294497e+00
6.674219793430192560e+00
6.674307242542123042e+00
6.674199990350225598e+00
6.674168697453471744e+00
6.674302586374528445e+00
6.674114703870772658e+00
6.674239571113464109e+00
6.674244714854643767e+00
6.674106868637581513e+00
6.674169408283721516e+00
6.674107731937429122e+00
6.674181497521544770e+00
6.674286328885219000e+00
6.674318461732714702e+00
6.674208723506891872e+00
6.674222055598902692e+00
6.674125240797350145e+00
6.674233690327512569e+00
6.674110937860110226e+00
6.674193509742959662e+00
6.674097618064695148e+00
6.674218902510693496e+00
6.674130614128382710e+00
6.674254494565046159e+00
6.674239055906791229e+00
6.674293659504336951e+00
6.674250681251428396e+00
6.674191045123459176e+00
6.674225936834575101e+00
6.674128393672695836e+00
6.674226974521831224e+00
6.674128959675705630e+00
6.674159485181307971e+00
6.674221193392791740e+00
6.674193908116270002e+00
6.674261926814667234e+00
6.674165938006924925e+00
6.674327035116190743e+00
6.674263096162897924e+00
6.674253434228571535e+00
6.674165184987177923e+00
6.674215432942252058e+00
6.674221558234581408e+00
6.674182362940862312e+00
6.674182438475337875e+00
6.674153592319937545e+00
6.674319893742999277e+00
6.674267127719986092e+00
6.674172602902838314e+00
6.674066686527797998e+00
6.674289139120778813e+00
6.674109523986709647e+00
6.674142964777173503e+00
6.674185719596775535e+00
6.674320892908026437e+00
6.674024869781389313e+00
6.674143629358665564e+00
6.674150774105036099e+00
6.674122364097193838e+00
6.674193277258329005e+00
6.674158095031699212e+00
6.674251860918736234e+00
6.674016064037402884e+00
6.674234142437799555e+00
6.674095208879549546e+00
6.674128848323231722e+00
6.674250465169352609e+00
6.674164325018643318e+00
6.674205779190534038e+00
6.674313253169838589e+00
6.674100768932198946e+00
6.674220036596777206e+00
6.674195202460064813e+00
6.674180499216071816e+00
6.674093618114055992e+00
6.674118392519892140e+00
6.674304882904023906e+00
6.674071396424551494e+00
6.674301658931470982e+00
6.674205696314427172e+00
6.674185287747008033e+00
6.674204108399140800e+00
6.674184916605727658e+00
6.674138034351013715e+00
6.674203835623210956e+00
6.674181129733152140e+00
6.674182505389243403e+00
6.674098002105169236e+00
6.674224107931497230e+00
6.674253238711249203e+00
6.674276589702055063e+00
6.674382825061997870e+00
6.674206862565312370e+00
6.674155521992788387e+00
6.674165326676318344e+00
6.674211334331720202e+00
6.674219298772729125e+00
6.674151773487853490e+00
6.674261887351417677e+00
6.674202893995811792e+00
6.674276657958131409e+00
6.674034090716767231e+00
6.674161606490898180e+00
6.674209415163224079e+00
6.674249731131867591e+00
6.674364617215338136e+00
6.674221444774370404e+00
6.674142757168761264e+00
6.674259132537031292e+00
6.674077218315080273e+00
6.674094181261871483e+00
6.674112805644843327e+00
6.674048108358613618e+00
6.674340611795464895e+00
6.674020259730991000e+00
6.674053267340640971e+00
6.674114408353465144e+00
6.674179700651879266e+00
6.674106229992938566e+00
6.674327644665994264e+00
6.674091604950214141e+00
6.674026843761214245e+00
6.674198129375309207e+00
6.674258194820150258e+00
6.674396492879848708e+00
6.674281388855741071e+00
6.674065945348263362e+00
6.674221915341381539e+00
6.674206036257331220e+00
6.674176568161746204e+00
6.674085925813982634e+00
6.674199000097940093e+00
6.674199796844417776e+00
6.674129649021810273e+00
6.674391598766777456e+00
6.674055906990710163e+00
6.674237045814273017e+00
6.674076955672995304e+00
6.674165118013403841e+00
6.674019163117513642e+00
6.674118215431879442e+00
6.674258012735885259e+00
6.674395675446323395e+00
6.674175470136042954e+00
6.674221623929094349e+00
6.674297221334981600e+00
6.674283276335109427e+00
6.674049529007500148e+00
6.674306023415673472e+00
6.674243464370920975e+00
6.674223006255992630e+00
6.674222658988430368e+00
6.674137426442439569e+00
6.674228984458150826e+00
6.674238485863451587e+00
6.674140116593170191e+00
6.674192418111675629e+00
6.674117517383409748e+00
6.674086167208196585e+00
6.674168635593203724e+00
6.674325299047962901e+00
6.674102274621312780e+00
6.674011117992663777e+00
6.674064442018932120e+00
6.674249642944436012e+00
6.674204592578288242e+00
6.674154065550037096e+00
6.674167034993280012e+00
6.674193058616628704e+00
6.674204378614691180e+00
6.674198107429736737e+00
6.674222286660775438e+00
6.674237209514304325e+00
6.674169829819882160e+00
6.674190193419955008e+00
6.674378853761832708e+00
6.674175334920636082e+00
6.674209526087390820e+00
6.674172762218735677e+00
6.674065247274008961e+00
6.674184065355583506e+00
6.674183636910910877e+00
6.674197801920527695e+00
6.674138842451706743e+00
6.674082518802226360e+00
6.674368223326591298e+00
6.674247029329738012e+00
6.674116463601597715e+00
6.674133865445466718e+00
6.674151992346978091e+00
6.674207404974201729e+00
6.674164032589157358e+00
6.674148934193572913e+00
6.674128059942438185e+00
6.674181916789224012e+00
6.674070434830274401e+00
6.674183920850078167e+00
6.674153075171320282e+00
6.674186742730540800e+00
6.673957342625804756e+00
6.674210061760811108e+00
6.674132438823975555e+00
6.674225711125742144e+00
6.674127883994335875e+00
6.674194764779216804e+00
6.674201734887274640e+00
6.674142377413524230e+00
6.674276918219225863e+00
6.674047207646117030e+00
6.674129905148528330e+00
6.674162204050287706e+00
6.674110451835582047e+00
6.674203049151660849e+00
6.674049801150021111e+00
6.674214476399139784e+00
6.674321176668813749e+00
6.674169977333729520e+00
6.674208988826455524e+00
6.674162751588508691e+00
6.674223854734206540e+00
6.674124821522696926e+00
6.674245687213344880e+00
6.674181545080235978e+00
6.674244767020280023e+00
6.674063403692568563e+00
6.674295908948805867e+00
6.674085192071585126e+00
6.674251511601898557e+00
6.674123342372732637e+00
6.674219196438403223e+00
6.674148372875991164e+00
6.674171211327394104e+00
6.674136276246703581e+00
6.674194957371738290e+00
6.674158936641703121e+00
6.674077076447757939e+00
6.674211697216123618e+00
6.674303037495337598e+00
6.674073431606633022e+00
6.674287856371222460e+00
6.674149553309457694e+00
6.674251758366545495e+00
6.674355609043693960e+00
6.674195102264895318e+00
6.674148867681448216e+00
6.674235700505519731e+00
6.674099460697605402e+00
6.674158569494216486e+00
6.674083255137635007e+00
6.674141216251630482e+00
6.674175516944733211e+00
6.674154525422158812e+00
6.674289825750816085e+00
6.674159385635564767e+00
6.674231376584765840e+00
6.674311114388517652e+00
6.674093737062038123e+00
6.674083522181999406e+00
6.674063307918684629e+00
6.674232184986547800e+00
6.674240923799674263e+00
6.674084324587797212e+00
6.674272669253577206e+00
6.674132822039513968e+00
6.674195596565219546e+00
6.674070542716567189e+00
6.674186430622365940e+00
6.674263191452814326e+00
6.674127269034710430e+00
6.674211129320587688e+00
6.674276906001515464e+00
6.674254528427167266e+00
6.674221898826964150e+00
6.674159546982528113e+00
6.674149088670810137e+00
6.674173770963127694e+00
6.674149443818382821e+00
6.674111535523340244e+00
6.674253734445700914e+00
6.674070140353085989e+00
6.674112111534687308e+00
6.674121059574217973e+00
6.674125003058649419e+00
6.674171454873110143e+00
6.674287949733097136e+00
6.674123779247215005e+00
6.674309684131727316e+00
6.674310780812259480e+00
6.674096299682215516e+00
6.674186431088452665e+00
6.674204973951329833e+00
6.674197808716420433e+00
6.674215450064642674e+00
6.674328641097621251e+00
6.674201235733315585e+00
6.674112609061165990e+00
6.674182507698380284e+00
6.674217092047158850e+00
6.674154359452036722e+00
6.674343453275529470e+00
6.674067868426614147e+00
6.674128844282166462e+00
6.674085216985173652e+00
6.674267894859622352e+00
6.674161263153665757e+00
6.674183498524977054e+00
6.674291293146779047e+00
6.674213473807025565e+00
6.674158669991416382e+00
6.674225136265365066e+00
6.674203800660508001e+00
6.674163885527276463e+00
6.674152005486575945e+00
6.674207946530674285e+00
6.674232213020974136e+00
6.674267489569762013e+00
6.674107425608948319e+00
6.674213876270759904e+00
6.674279329728969756e+00
6.674267158864567229e+00
6.674315596653868532e+00
6.674231397284553502e+00
6.674241303990704921e+00
6.674195625866867765e+00
6.674085404450981862e+00
6.674287628744449918e+00
6.674137540754771614e+00
6.674318013394490379e+00
6.674177180523905406e+00
6.674171305916030583e+00
6.674201036099800532e+00
6.674163545473510872e+00
6.674211867146279786e+00
6.674201577698333665e+00
6.674355828296761217e+00
6.674276843090377831e+00
6.674342126325062630e+00
6.674215959650549479e+00
6.674077230005221573e+00
6.673989472375189358e+00
6.674244385024798554e+00
6.674302226839794017e+00
6.674070629890072048e+00
6.674139695789435223e+00
6.674133778568730690e+00
6.674182753364791942e+00
6.674085711452360847e+00
6.674109762019514669e+00
6.674259176558950735e+00
6.674206113050689559e+00
6.674154293780167890e+00
6.674235255768024011e+00
6.674056446372385487e+00
6.674143279744299662e+00
6.674091232956637754e+00
6.674259137068266234e+00
6.674199141146299752e+00
6.674145186530406448e+00
6.674244175721264050e+00
6.674125051247490781e+00
6.674088486671663212e+00
6.674346919035709647e+00
6.674051152984303847e+00
6.674089576184029760e+00
6.674143604863908230e+00
6.674276732759722996e+00
6.674269980785012990e+00
6.674260872453231741e+00
6.674417329060895909e+00
6.674336611613264303e+00
6.674271828906729098e+00
6.674187088620367803e+00
6.674298353355614388e+00
6.674072398867824774e+00
6.674092897008955916e+00
6.674066889459093765e+00
6.674133112295540293e+00
6.674255342418299541e+00
6.674153896176299838e+00
6.674260128063964181e+00
6.674234921022532241e+00
6.674242292270611721e+00
6.674146819855925727e+00
6.674222131999643537e+00
6.674222368617625634e+00
6.674139574685551857e+00
6.674217162659358493e+00
6.674298166564256007e+00
6.674232903641954984e+00
6.674237265570703848e+00
6.674097002981328686e+00
6.674267252075326340e+00
6.674045197475479085e+00
6.674185530296265156e+00
6.674091504647270412e+00
6.674210464717431179e+00
6.674337465302681238e+00
6.674196784446793096e+00
6.674111580740632377e+00
6.674284014932232445e+00
6.674284097115656955e+00
6.674116608693251962e+00
6.674165673264175425e+00
6.674172730103490103e+00
6.674219577564005412e+00
6.674275054783040950e+00
6.674296239967311806e+00
6.674181514143660898e+00
6.674092728651960904e+00
6.674114077892829400e+00
6.674192521002231260e+00
6.674094403250036223e+00
6.674168383668289906e+00
6.674209058902700775e+00
6.674146408103408312e+00
6.674177267861972851e+00
6.674044333197056922e+00
6.674168038176668816e+00
6.674268287184744963e+00
6.674373774183760766e+00
6.674189606743652803e+00
6.674182378177648367e+00
6.674157716038428667e+00
6.674227082939283129e+00
6.674207131241326252e+00
6.674260526995441367e+00
6.674296007488962346e+00
6.674180597029672590e+00
6.674158539229117615e+00
6.674181642791101154e+00
6.674280654284975967e+00
6.674167694146857954e+00
6.674287649753641638e+00
6.674245205082174337e+00
6.674111359886976125e+00
6.674257479897415024e+00
6.674001624837623936e+00
6.674166868838348421e+00
6.674196512466693321e+00
6.674128765685327203e+00
6.674359484941231990e+00
6.674036218682986465e+00
6.674190795512764396e+00
6.674158327668106239e+00
6.674186844954170361e+00
6.674138066281183335e+00
6.674256617101542943e+00
6.674176002108257677e+00
6.674082187944472722e+00
6.674231854252752782e+00
6.674207502390850699e+00
6.674109108683369485e+00
6.674146787901397815e+00
6.674146270532091307e+00
6.674127749877348137e+00
6.674170290674928729e+00
6.674202530301766245e+00
6.674085175470727549e+00
6.674170735545103206e+00
6.674092715994881075e+00
6.674265992702536288e+00
6.674012754342160569e+00
6.674111728856078507e+00
6.674219434660208172e+00
6.674189935743253699e+00
6.674127798668468614e+00
6.674331970263943425e+00
6.674262718138192163e+00
6.674292482769882184e+00
6.674163807870768572e+00
6.674041315989512668e+00
6.674208132129672677e+00
6.674097687787480027e+00
6.674156453743655959e+00
6.674214539328307438e+00
6.674124294647698186e+00
6.674108680552332196e+00
6.674052606225827411e+00
6.674155174706438487e+00
6.674263220084061032e+00
6.674109290668121197e+00
6.674298103340233546e+00
6.674172432811266376e+00
6.674110131596830087e+00
6.674186214880561963e+00
6.674252573703904012e+00
6.674208784238103043e+00
6.674123681048954815e+00
6.674235631805112590e+00
6.674278588490199837e+00
6.674080501238156771e+00
6.674235233517613608e+00
6.674282788119379362e+00
6.674107787601451847e+00
6.674205678090746829e+00
6.674049151048777162e+00
6.674138165151672908e+00
6.674311814264271447e+00
6.674083564339433394e+00
6.674064547464256592e+00
6.674318258444456475e+00
6.674247376659349307e+00
6.674196709704042441e+00
6.674080687000769174e+00
6.674195018772707932e+00
6.674253898124741013e+00
6.674190643322957861e+00
6.674131835611625263e+00
6.674127446629988469e+00
6.674093021572729434e+00
6.674051059858907564e+00
6.674061710968600458e+00
6.674160096168901823e+00
6.674208669735348209e+00
6.674189395931793278e+00
6.674113211912739096e+00
6.674266776232768983e+00
6.674084540037577895e+00
6.674154938274345028e+00
6.674217426281382259e+00
6.674251325946920055e+00
6.674186620604473319e+00
6.674124222643378346e+00
6.674126860093192448e+00
6.674161972623809724e+00
6.674159067380704080e+00
6.674314852415471400e+00
6.674217546142894975e+00
6.674208921331773681e+00
6.674165549800979313e+00
6.674277123718962201e+00
6.674277456484421833e+00
6.674177651716507675e+00
6.674170615220573310e+00
6.674222876344272137e+00
6.674290913563488914e+00
6.674199423155214639e+00
6.674137960342780396e+00
6.674187775636752029e+00
6.674113327827583930e+00
6.674348917702240591e+00
6.674125827242482600e+00
6.674260670006748164e+00
6.674175471298460671e+00
6.674143523703056857e+00
6.674151206665754010e+00
6.674153856555257391e+00
6.674182954944661184e+00
6.674187727830354078e+00
6.674178336664671640e+00
6.674072885078628836e+00
6.674101952052881259e+00
6.674136607500338769e+00
6.674119299411077399e+00
6.674206031916861015e+00
6.674241008007640197e+00
6.674220797608561462e+00
