6.674600243013403933e+00
6.674575921469586781e+00
6.674521934650646138e+00
6.674438759011428246e+00
6.674655860931006046e+00
6.674585256370903608e+00
6.674382959741316235e+00
6.674438649210501673e+00
6.674518645877715706e+00
6.674471334522617205e+00
6.674526424469301666e+00
6.674414547619965887e+00
6.674432397010710893e+00
6.674446392388223792e+00
6.674494914356326802e+00
6.674390948707888072e+00
6.674494268942937403e+00
6.674399298295002225e+00
6.674530866924978767e+00
6.674418217544356935e+00
6.674529648381616553e+00
6.674401590947628193e+00
6.674594490510611600e+00
6.674522977125547207e+00
6.674544970119216991e+00
6.674669994321301481e+00
6.674390572362892904e+00
6.674607073297928572e+00
6.674352963492387936e+00
6.674499881557114378e+00
6.674319213771624071e+00
6.674544232172317848e+00
6.674363488107039721e+00
6.674458431696522531e+00
6.674572465661138487e+00
6.674423166505835781e+00
6.674427723930463685e+00
6.674424086635347919e+00
6.674426592092632227e+00
6.674436163467295735e+00
6.674330267636277014e+00
6.674454694797950616e+00
6.674408876968161763e+00
6.674380614393240485e+00
6.674493072230458068e+00
6.674432521666260776e+00
6.674474270913153262e+00
6.674593812907962054e+00
6.674448858772839444e+00
6.674443616586406947e+00
6.674511047931468433e+00
6.674426655098025130e+00
6.674496170611345924e+00
6.674586357554633587e+00
6.674497695308129863e+00
6.674576688486303588e+00
6.674557346702195915e+00
6.674261067545146808e+00
6.674559859594986655e+00
6.674615963459471502e+00
6.674468938870870893e+00
6.674413035261531846e+00
6.674473281673640734e+00
6.674524437096167162e+00
6.674575936242170826e+00
6.674520974176165744e+00
6.674450264140666889e+00
6.674433212307586238e+00
6.674371287520626694e+00
6.674456801331906775e+00
6.674475463517046236e+00
6.674598659427378955e+00
6.674499992922850566e+00
6.674595943869601200e+00
6.674461211679863837e+00
6.674491394746243422e+00
6.674523180289310353e+00
6.674389749579843212e+00
6.674482644689345712e+00
6.674448529239393579e+00
6.674563204465977506e+00
6.674569067820700141e+00
6.674541791665856927e+00
6.674596221648455341e+00
6.674380437971560553e+00
6.674518211236731169e+00
6.674527661184661120e+00
6.674481496308275474e+00
6.674446684750026115e+00
6.674529848075899885e+00
6.674398020517230634e+00
6.674541237054980591e+00
6.674559563522224792e+00
6.674536651846338486e+00
6.674460565254767275e+00
6.674452862954312060e+00
6.674475825243229465e+00
6.674452233841583038e+00
6.674647473827899802e+00
6.674587324051833193e+00
6.674574510000405247e+00
6.674481283923761943e+00
6.674437943617229863e+00
6.674531986481391677e+00
6.674523949336291118e+00
6.674578448231964778e+00
6.674618095177214272e+00
6.674541125261037600e+00
6.674655310256611962e+00
6.674561885726338240e+00
6.674481677858824291e+00
6.674528399461275185e+00
6.674491016241976382e+00
6.674437025793842793e+00
6.674390918202848688e+00
6.674352876037611182e+00
6.674521521046274053e+00
6.674382954852238647e+00
6.674417483962247211e+00
6.674387425117088490e+00
6.674500347975512504e+00
6.674524593005023654e+00
6.674560547882298245e+00
6.674489757317911831e+00
6.674543017176368664e+00
6.674563623904032461e+00
6.674316904943980333e+00
6.674595722782346918e+00
6.674471060829517910e+00
6.674398898022044335e+00
6.674476405426259973e+00
6.674473636585656955e+00
6.674558027811201555e+00
6.674544164575611838e+00
6.674472282372565957e+00
6.674408921641062697e+00
6.674377868107640666e+00
6.674603333236529323e+00
6.674507993682703422e+00
6.674637087461014140e+00
6.674435458053160630e+00
6.674421739736613013e+00
6.674471675834486639e+00
6.674427456521154767e+00
6.674472799216042418e+00
6.674442926492234918e+00
6.674468096813778395e+00
6.674370185135245492e+00
6.674499725022113417e+00
6.674447651395926329e+00
6.674284383395607811e+00
6.674584151634527451e+00
6.674557562608117500e+00
6.674460504120110826e+00
6.674362250835642385e+00
6.674377548707589369e+00
6.674344940399768333e+00
6.674575471315964847e+00
6.674514545355877182e+00
6.674530638379352787e+00
6.674384279936528941e+00
6.674389397611105501e+00
6.674478367126734923e+00
6.674509802567151873e+00
6.674531560178842859e+00
6.674420272738844417e+00
6.674524521746745265e+00
6.674537810246889968e+00
6.674551958631631088e+00
6.674408878028626368e+00
6.674367375105958011e+00
6.674431871223589496e+00
6.674428805505264073e+00
6.674410753616995429e+00
6.674399131791308726e+00
6.674498627035147180e+00
6.674586795070660550e+00
6.674529166308692751e+00
6.674491571816290048e+00
6.674312872632633287e+00
6.674462882251231299e+00
6.674664494458591335e+00
6.674652382060800804e+00
6.674385485420399000e+00
6.674568156505732652e+00
6.674474440530888231e+00
6.674645718181902332e+00
6.674443105413360833e+00
6.674492046328861505e+00
6.674395389568060111e+00
6.674444248260640755e+00
6.674462020370469872e+00
6.674552022974913790e+00
6.674498727191835457e+00
6.674548695576221213e+00
6.674569129313903559e+00
6.674529879430313173e+00
6.674542138031299920e+00
6.674507163116702557e+00
6.674521333011148805e+00
6.674432068988712885e+00
6.674474136500752053e+00
6.674379767498790805e+00
6.674419669096152141e+00
6.674489053580497711e+00
6.674479589217013675e+00
6.674467986972241640e+00
6.674514474715665280e+00
6.674508314239531614e+00
6.674429904276105496e+00
6.674365252004763605e+00
6.674597085345815195e+00
6.674472086608195909e+00
6.674408489941536793e+00
6.674524917346512431e+00
6.674399188957690576e+00
6.674450569499669861e+00
6.674423533362695338e+00
6.674428293803790879e+00
6.674491698261057593e+00
6.674477001042030899e+00
6.674508414488048658e+00
6.674536595252890336e+00
6.674514801508460771e+00
6.674475341842865284e+00
6.674492677571720378e+00
6.674502182093505098e+00
6.674572823272197475e+00
6.674428018408853802e+00
6.674472540883196636e+00
6.674494628156938170e+00
6.674572262565404479e+00
6.674487138105718920e+00
6.674524439338206605e+00
6.674440974554072703e+00
6.674493865690914518e+00
6.674454883026313290e+00
6.674677493301161668e+00
6.674540692097630235e+00
6.674487416926989880e+00
6.674460955838672049e+00
6.674480788892658722e+00
6.674516234791823877e+00
6.674474024130650385e+00
6.674395367674531343e+00
6.674362023071096495e+00
6.674429420970113824e+00
6.674527896718108089e+00
6.674535894710862394e+00
6.674511508657608339e+00
6.674440758560785447e+00
6.674411878459383551e+00
6.674483646244159019e+00
6.674347772698896897e+00
6.674396009462139290e+00
6.674405953789738888e+00
6.674452320755960955e+00
6.674408149968307669e+00
6.674451729144991852e+00
6.674477429975885556e+00
6.674482993623380267e+00
6.674332174876908219e+00
6.674500508251766995e+00
6.674675060935443938e+00
6.674493465473302578e+00
6.674561607870359126e+00
6.674571830648925896e+00
6.674458437438568481e+00
6.674389685934986716e+00
6.674534757412904362e+00
6.674488810940252925e+00
6.674571717203381382e+00
6.674451033750422368e+00
6.674471479721131750e+00
6.674521463039158498e+00
6.674376301496052655e+00
6.674526222638571760e+00
6.674510838019219960e+00
6.674555028137731938e+00
6.674401423675048406e+00
6.674643381019728317e+00
6.674391438138616905e+00
6.674437539522983798e+00
6.674446324152047971e+00
6.674511190741142741e+00
6.674517505178428678e+00
6.674471393907240646e+00
6.674453636901820808e+00
6.674498371855800194e+00
6.674378362208956084e+00
6.674561527044873266e+00
6.674514506740397479e+00
6.674448563499573162e+00
6.674463059586742020e+00
6.674564413713643951e+00
6.674461901493671689e+00
6.674535769949625497e+00
6.674224995094270696e+00
6.674534273623602409e+00
6.674632177359391072e+00
6.674513749449381805e+00
6.674521407444748533e+00
6.674497023434711629e+00
6.674393473102210095e+00
6.674364466398320594e+00
6.674587969618079875e+00
6.674497436996870370e+00
6.674543683770219893e+00
6.674509334415634321e+00
6.674617837018750777e+00
6.674509656101488275e+00
6.674404522117292515e+00
6.674508573517536902e+00
6.674488359563062190e+00
6.674590744925294139e+00
6.674546264379983995e+00
6.674403911060538874e+00
6.674434402492893881e+00
6.674397664145573117e+00
6.674527416067482122e+00
6.674385353800960097e+00
6.674446349693468505e+00
6.674465799619744288e+00
6.674489423673489519e+00
6.674522115315145498e+00
6.674460597701347808e+00
6.674430909525892019e+00
6.674384633485346718e+00
6.674431393277980185e+00
6.674531849735889644e+00
6.674531223730619800e+00
6.674383323092962783e+00
6.674342248394221855e+00
6.674391689930064153e+00
6.674488446622829585e+00
6.674517804194320725e+00
6.674566374953410985e+00
6.674582471243686754e+00
6.674519897467526164e+00
6.674455712353307035e+00
6.674370041787315522e+00
6.674492227621066753e+00
6.674482853164589002e+00
6.674569486003009366e+00
6.674358496969227339e+00
6.674513762850589060e+00
6.674652495770201810e+00
6.674522767410209667e+00
6.674483316224008256e+00
6.674327940343476762e+00
6.674390697611405798e+00
6.674553708881565406e+00
6.674529814658261451e+00
6.674413240251523050e+00
6.674422656531172393e+00
6.674440750343735296e+00
6.674569283387091545e+00
6.674501349393905159e+00
6.674517987775350214e+00
6.674463359702365928e+00
6.674553433923576584e+00
6.674504217512603255e+00
6.674612500059983411e+00
6.674564603626909509e+00
6.674501887922482446e+00
6.674372074126584842e+00
6.674486356407276055e+00
6.674466590995562498e+00
6.674595352258108960e+00
6.674336027806307747e+00
6.674364984345748653e+00
6.674583172650392804e+00
6.674425134066494181e+00
6.674609697948626241e+00
6.674512200362981318e+00
6.674394779122649446e+00
6.674548840911919356e+00
6.674640540257921195e+00
6.674507728325600020e+00
6.674590096820522511e+00
6.674513361126473754e+00
6.674362304753474362e+00
6.674453787388721970e+00
6.674470674894239508e+00
6.674446964235738911e+00
6.674369964838997582e+00
6.674510243202727899e+00
6.674439488745939286e+00
6.674483398042831972e+00
6.674407418921600055e+00
6.674391640612441279e+00
6.674485022910556786e+00
6.674399471473101642e+00
6.674532647312780398e+00
6.674493057072997892e+00
6.674434959922276533e+00
6.674413868874617073e+00
6.674567659049171375e+00
6.674513188159871824e+00
6.674409322353032969e+00
6.674409520899219572e+00
6.674564903298599639e+00
6.674372395202200714e+00
6.674440235710167535e+00
6.674574529961819103e+00
6.674456389328308425e+00
6.674515632143521060e+00
6.674579258284546235e+00
6.674384735026518634e+00
6.674465437255495459e+00
6.674585904504027667e+00
6.674519641989047791e+00
6.674494744030782023e+00
6.674600117511188202e+00
6.674428029999265988e+00
6.674621000220281708e+00
6.674410916468779931e+00
6.674514163131084032e+00
6.674408335300030082e+00
6.674388640821415031e+00
6.674523349165129460e+00
6.674452326435933003e+00
6.674399136831717705e+00
6.674496399976834304e+00
6.674381722842715803e+00
6.674383267794553376e+00
6.674452182257655686e+00
6.674526775525730926e+00
6.674691847514368170e+00
6.674515752108567845e+00
6.674404394778489902e+00
6.674453917705747585e+00
6.674309168717114993e+00
6.674530640344585208e+00
6.674478430088166547e+00
6.674522503064760137e+00
6.674396287420169216e+00
6.674426354143710327e+00
6.674432647252453776e+00
6.674456716733467410e+00
6.674452086665611183e+00
6.674473929415538187e+00
6.674389534336895302e+00
6.674560971440627988e+00
6.674483448619855430e+00
6.674539162867200837e+00
6.674350299358023264e+00
6.674544214531888287e+00
6.674449332159166026e+00
6.674580167789281759e+00
6.674466389040046188e+00
6.674468629633333983e+00
6.674439770425208529e+00
6.674496102443365331e+00
6.674543628539027829e+00
6.674503498403312918e+00
6.674579792231728703e+00
6.674566816693910276e+00
6.674553114604698578e+00
6.674452998530868264e+00
6.674502573024773788e+00
6.674491231605601094e+00
6.674322043575592112e+00
6.674580263696007876e+00
6.674415467183290929e+00
6.674509722584495819e+00
6.674564183339211532e+00
6.674391570937439511e+00
6.674562320593484976e+00
6.674460343329487344e+00
6.674512462986113448e+00
6.674420874366491674e+00
6.674521564407342566e+00
6.674382339846822276e+00
6.674491730342488438e+00
6.674508491171330604e+00
6.674622604558250849e+00
6.674486291625489010e+00
6.674499762004181491e+00
6.674466605210118253e+00
6.674494779655356425e+00
6.674378262852056487e+00
6.674401829108035145e+00
6.674403027722608073e+00
6.674472010183044368e+00
6.674273137205413597e+00
6.674486344073390143e+00
6.674521662065123984e+00
6.674460220079012629e+00
6.674399027484508196e+00
6.674429442397703305e+00
6.674376894250122483e+00
6.674463369635269316e+00
6.674501617605892889e+00
6.674509126619827093e+00
6.674550696991001786e+00
6.674539781109952052e+00
6.674467622847796378e+00
6.674457611289408732e+00
6.674346042079427832e+00
6.674603805425794789e+00
6.674498093845926405e+00
6.674617733220202354e+00
6.674361531777504908e+00
6.674462136429597514e+00
6.674438540266572240e+00
6.674637558567757090e+00
6.674548279139657758e+00
6.674411023697664369e+00
6.674385232720840833e+00
6.674512670593689911e+00
6.674493295008340432e+00
6.674581014816408420e+00
6.674531752605443735e+00
6.674355322834623294e+00
6.674626178967127288e+00
6.674377360542800730e+00
6.674521667038811223e+00
6.674459891389691535e+00
6.674492221519653157e+00
6.674534001439426767e+00
6.674507137050690986e+00
6.674479259306282941e+00
6.674532869102381305e+00
6.674452073795846374e+00
6.674388397349429347e+00
6.674408934944565885e+00
6.674487708544675435e+00
6.674411972408859306e+00
6.674554835671689723e+00
6.674501218156783544e+00
6.674413585095065216e+00
6.674579366927295254e+00
6.674408948882608605e+00
6.674552492786395064e+00
6.674395936396478213e+00
6.674461500550756377e+00
6.674460188040516329e+00
6.674477263178948405e+00
6.674522490902599081e+00
6.674474332874104299e+00
6.674514677327833212e+00
6.674553823747320536e+00
6.674430991948387515e+00
6.674591253334192231e+00
6.674469473217962801e+00
6.674588989319724774e+00
6.674465110097645315e+00
6.674381723449676507e+00
6.674465119248737643e+00
6.674292846144372682e+00
6.674423449537361108e+00
6.674506511902899675e+00
6.674465298546652825e+00
6.674492540525536199e+00
6.674569981360124693e+00
6.674451162337870613e+00
6.674437210897455230e+00
6.674467336687007979e+00
6.674425778451815283e+00
6.674415564123582278e+00
6.674529642875808300e+00
6.674458907607005109e+00
6.674447653125851865e+00
6.674549511772507771e+00
6.674521735816158596e+00
6.674472256623450228e+00
6.674415079080991298e+00
6.674617975513080559e+00
6.674537403309916073e+00
6.674512478795855408e+00
6.674321339894563110e+00
6.674615478934433632e+00
6.674556567511997329e+00
6.674512373331016768e+00
6.674573396765595135e+00
6.674486886290104337e+00
6.674509680528602829e+00
6.674539130081905469e+00
6.674493211647906321e+00
6.674577428732331619e+00
6.674516672506322301e+00
6.674376998621375456e+00
6.674399275703761347e+00
6.674467647974751117e+00
6.674531411218956656e+00
6.674359333049510568e+00
6.674518439483568599e+00
6.674537505692399009e+00
6.674505337271498639e+00
6.674504285088636024e+00
6.674532871294026393e+00
6.674530266237047371e+00
6.674418603841199449e+00
6.674473111730249819e+00
6.674541574535066246e+00
6.674433093705927078e+00
6.674577994364101485e+00
6.674540567871070529e+00
6.674434443233500325e+00
6.674442101091774049e+00
6.674470141505852716e+00
6.674490066671664223e+00
6.674466359974021934e+00
6.674466706308657571e+00
6.674562842580368027e+00
6.674514089199584888e+00
6.674397225478501561e+00
6.674484820647547778e+00
6.674455666986243152e+00
6.674417686704902763e+00
6.674542414539419433e+00
6.674431067105333959e+00
6.674529589033336485e+00
6.674423801539072443e+00
6.674478999261602041e+00
6.674532260730043021e+00
6.674527153298958737e+00
6.674457658603001775e+00
6.674502601173580629e+00
6.674380667011683421e+00
6.674508825297406744e+00
6.674543642847611480e+00
6.674546520427376173e+00
6.674294174508442978e+00
6.674507535955044979e+00
6.674660444832768214e+00
6.674449462700057012e+00
6.674507380907445331e+00
6.674426908774711897e+00
6.674537762747520198e+00
6.674610485556740080e+00
6.674534591833791275e+00
6.674417383791404923e+00
6.674488841236654757e+00
6.674480355804293552e+00
6.674619420316563634e+00
6.674358191233487503e+00
6.674467443670825340e+00
6.674621277394039431e+00
6.674417203301891810e+00
6.674433255306166934e+00
6.674525128254428452e+00
6.674459754502062303e+00
6.674430705390284047e+00
6.674499672940673811e+00
6.674422593932478165e+00
6.674547509098289311e+00
6.674400886455712723e+00
6.674574979951049869e+00
6.674561818051206963e+00
6.674439319589826169e+00
6.674466789627215846e+00
6.674537936190704457e+00
6.674559836468880292e+00
6.674531832152440280e+00
6.674323157991667976e+00
6.674377224638686990e+00
6.674610247738660185e+00
6.674508714280158017e+00
6.674444765630881626e+00
6.674471365094573727e+00
6.674515835648208828e+00
6.674472961040327945e+00
6.674496658338205712e+00
6.674463745594014341e+00
6.674449104405021593e+00
6.674522506299619629e+00
6.674515817946248042e+00
6.674479965622916566e+00
6.674338627267758284e+00
6.674600142309512485e+00
6.674445242516019228e+00
6.674483479833609678e+00
6.674458615812619122e+00
6.674474677268650069e+00
6.674401853101429083e+00
6.674481847620165276e+00
6.674395854847700704e+00
6.674471328782180635e+00
6.674431894726648551e+00
6.674454501860227040e+00
6.674526900387954598e+00
6.674628009758055924e+00
6.674338095283783190e+00
6.674342455465653856e+00
6.674409997846753484e+00
6.674690468134653720e+00
6.674456971767613211e+00
6.674464039078065625e+00
6.674436002579650307e+00
6.674660002784712276e+00
6.674531588067504906e+00
6.674505504234551800e+00
6.674593912138188756e+00
6.674577453122802595e+00
6.674521510007974889e+00
6.674604574563617554e+00
6.674515646498436539e+00
6.674438168497415447e+00
6.674535542053991577e+00
6.674495022068531291e+00
6.674508924796376697e+00
6.674567335133086310e+00
6.674523851186545897e+00
6.674334113080564457e+00
6.674597500866092936e+00
6.674529424180038362e+00
6.674402326820787934e+00
6.674573566778844835e+00
6.674471633318086461e+00
6.674382039338608408e+00
6.674589773179012475e+00
6.674558232631270904e+00
6.674334953706776652e+00
6.674426211344809623e+00
6.674580277515161697e+00
6.674475855494937271e+00
6.674541429578057183e+00
6.674534259934770120e+00
6.674572373801593628e+00
6.674606486477936862e+00
6.674532125739424337e+00
6.674463902842253660e+00
6.674484096123646459e+00
6.674510814555910443e+00
6.674499414580268741e+00
6.674670861345870954e+00
6.674333163458490148e+00
6.674486135479661186e+00
6.674499933483335035e+00
6.674494135933270123e+00
6.674508001617644126e+00
6.674445893085229287e+00
6.674511916053907257e+00
6.674446283136790115e+00
6.674568546864428242e+00
6.674591208659834685e+00
6.674490218538714714e+00
6.674498567534073779e+00
6.674500183499761263e+00
6.674554284533241955e+00
6.674442680824768992e+00
6.674441506091143950e+00
6.674401289762840861e+00
6.674446280114305630e+00
6.674594007354183844e+00
6.674387227979638126e+00
6.674462082062444956e+00
6.674474966599329484e+00
6.674507498462971533e+00
6.674455311874070595e+00
6.674450965427822346e+00
6.674474049917591856e+00
6.674458765080871103e+00
6.674362682502956723e+00
6.674473652373169585e+00
6.674480427194298571e+00
6.674412142104307222e+00
6.674444427365586741e+00
6.674665034832817589e+00
6.674484864217955504e+00
6.674527084357952944e+00
6.674491036622300477e+00
6.674508774897568664e+00
6.674372377360760389e+00
6.674372392190429437e+00
6.674424081791129559e+00
6.674560699480204029e+00
6.674368178428415455e+00
6.674437619061045268e+00
6.674646554207535054e+00
6.674340012743584793e+00
6.674393428149096863e+00
6.674522617425491688e+00
6.674451026113205288e+00
6.674518345236468697e+00
6.674467086543454108e+00
6.674485962825703389e+00
6.674424321090161705e+00
6.674477373207552411e+00
6.674519630582971708e+00
6.674471105831357498e+00
6.674482102404330597e+00
6.674447708715444350e+00
6.674446105375992033e+00
6.674461269892544735e+00
6.674473404168598023e+00
6.674438531862320723e+00
6.674485031123219336e+00
6.674419445907124882e+00
6.674585101128211129e+00
6.674605544018813674e+00
6.674390190198629114e+00
6.674498994727494861e+00
6.674534148264892330e+00
6.674375314191027364e+00
6.674485988566536854e+00
6.674496761676720347e+00
6.674534152040091151e+00
6.674552138561050008e+00
6.674556344904974736e+00
6.674486278367058212e+00
6.674456741644867463e+00
6.674498829921327925e+00
6.674546834258469730e+00
6.674544412528627291e+00
6.674542994295838305e+00
6.674575532278177903e+00
6.674622164255850976e+00
6.674538923717685535e+00
6.674431639325329790e+00
6.674549157530534238e+00
6.674393225932570672e+00
6.674515502055990979e+00
6.674493422311641666e+00
6.674486545181010477e+00
6.674357079550108374e+00
6.674548058451820864e+00
6.674436240592532599e+00
6.674594480680985598e+00
6.674474962216464746e+00
6.674408606380286102e+00
6.674518987764160194e+00
6.674498179960751898e+00
6.674389058495106219e+00
6.674385711601340532e+00
6.674363576682628363e+00
6.674494812345342254e+00
6.674379110418612093e+00
6.674364157979558065e+00
6.674494837167042505e+00
6.674431207795615606e+00
6.674534959236801512e+00
6.674543832925425413e+00
6.674500679324017582e+00
6.674395966580171979e+00
6.674631988406307670e+00
6.674532952536322838e+00
6.674625000829197852e+00
6.674459735178890796e+00
6.674552699523089494e+00
6.674580179307289640e+00
6.674359162308480364e+00
6.674409475491279053e+00
6.674353923038006009e+00
6.674550900437915324e+00
6.674654784653110795e+00
6.674469955204390459e+00
6.674424169744433755e+00
6.674537157675734633e+00
6.674651410133022544e+00
6.674580635543361673e+00
6.674633005428222354e+00
6.674348501613984297e+00
6.674431285095409727e+00
6.674391479986375053e+00
6.674459888988254264e+00
6.674418060124632568e+00
6.674536957209745935e+00
6.674403771156964815e+00
6.674604214713908412e+00
6.674682702928935285e+00
6.674433832741386574e+00
6.674486909287514536e+00
6.674533250702846310e+00
6.674525485754884357e+00
6.674515230566449908e+00
6.674505564119912471e+00
6.674491606236357732e+00
6.674492938302961420e+00
6.674375038633413304e+00
6.674564628378033326e+00
6.674478124767136755e+00
6.674339717895649393e+00
6.674550299226785555e+00
6.674495433851956427e+00
6.674470500074257018e+00
6.674511332080649062e+00
6.674548671970137015e+00
6.674639764100265715e+00
6.674414983696178361e+00
6.674549808173412480e+00
6.674630217707177238e+00
6.674536378457061936e+00
6.674418798570174616e+00
6.674380064927468936e+00
6.674495595177374341e+00
6.674439165197894042e+00
6.674463629250367624e+00
6.674416301271902441e+00
6.674524496615459768e+00
6.674582906337648502e+00
6.674523951963840851e+00
6.674552915951990073e+00
6.674409986825615704e+00
6.674587402234545941e+00
6.674345332126929264e+00
6.674510062603331129e+00
6.674444187999205802e+00
6.674435572524040516e+00
6.674513563877015443e+00
6.674615327093188277e+00
6.674503854603285546e+00
6.674385985014124500e+00
6.674386011503701255e+00
6.674533049710102084e+00
6.674640901228532819e+00
6.674443937757277290e+00
6.674590899426164015e+00
6.674522516400488215e+00
6.674542269035841358e+00
6.674562690148035493e+00
6.674424405384441705e+00
6.674367661881892566e+00
6.674486620751080679e+00
6.674427280740045099e+00
6.674561726644546944e+00
6.674486114061916275e+00
6.674378353091401372e+00
6.674615042327324943e+00
6.674445140364783313e+00
6.674461065397423454e+00
6.674373276890180229e+00
6.674395516969464204e+00
6.674592160455835810e+00
6.674513299721112958e+00
6.674430523671579962e+00
6.674522135493614172e+00
6.674473424907567676e+00
6.674426161773618915e+00
6.674457645221564484e+00
6.674555455419054262e+00
6.674516414697526656e+00
6.674501605278147842e+00
6.674394627321526663e+00
6.674450611868854466e+00
6.674493873362902008e+00
6.674513177036897282e+00
6.674546479846114266e+00
6.674579496779545096e+00
6.674423291589481444e+00
6.674558883827497624e+00
6.674426637854787181e+00
6.674520745820572643e+00
6.674537736825056022e+00
6.674554846094621574e+00
6.674664548984391210e+00
6.674459084635532058e+00
6.674458590910623990e+00
6.674460820497474245e+00
6.674334857329193404e+00
6.674449842376554365e+00
6.674577910427872851e+00
6.674520396265125832e+00
6.674567283530898010e+00
6.674508857740048207e+00
6.674460016112188754e+00
6.674603967430028817e+00
6.674607657214694179e+00
6.674523675081132090e+00
6.674554605928967987e+00
6.674539231029252839e+00
6.674496623551446461e+00
6.674416334506721782e+00
6.674465012578721712e+00
6.674278661800083334e+00
6.674626776140548223e+00
6.674535400987991807e+00
6.674629574464564286e+00
6.674404361639265204e+00
6.674465285089122624e+00
6.674579242709700821e+00
6.674382510032235594e+00
6.674399006348076924e+00
6.674550762564458672e+00
6.674446177600684038e+00
6.674456702636431871e+00
6.674433667530360381e+00
6.674403299844022364e+00
6.674555683793522931e+00
6.674439339662114001e+00
6.674641550592149031e+00
6.674451089006334215e+00
6.674481749509550532e+00
6.674434621294293990e+00
6.674407875528974188e+00
6.674327708344454102e+00
6.674476368129640846e+00
6.674475829262923376e+00
6.674416816144825404e+00
6.674634729112446152e+00
6.674435325911738381e+00
6.674428102257403239e+00
6.674418715422770099e+00
6.674419354185219255e+00
6.674464001727367979e+00
6.674292514880582949e+00
6.674592549300961686e+00
6.674415345840527536e+00
