6.673338554466313965e+00
6.673407172712898294e+00
6.673541898101749581e+00
6.673333146973096319e+00
6.673418617702037814e+00
6.673441158899536596e+00
6.673597702548295096e+00
6.673702401534505668e+00
6.673621227780030196e+00
6.673890226801918679e+00
6.673712227632718985e+00
6.673614103256999996e+00
6.673584340443779794e+00
6.673484687164600970e+00
6.673333585251793210e+00
6.673599728226369265e+00
6.673447466124705407e+00
6.673259132033660279e+00
6.673577280773068665e+00
6.673564368834024485e+00
6.673407544713812811e+00
6.673394109576971545e+00
6.673476913725298942e+00
6.673650575345212665e+00
6.673513630762826665e+00
6.673289374238028593e+00
6.673585749608821338e+00
6.673320712116811215e+00
6.673543856830466581e+00
6.673490406020386345e+00
6.673206871562272546e+00
6.673631127218465409e+00
6.673441639626187971e+00
6.673281957020240185e+00
6.673457336955835650e+00
6.673431973772861348e+00
6.673388819572825703e+00
6.673703556597208042e+00
6.673419056688849160e+00
6.673479021778276454e+00
6.673477539985956497e+00
6.673439762972029676e+00
6.673331423339373458e+00
6.673727554740195522e+00
6.673530250588906476e+00
6.673499843553420519e+00
6.673255183864641005e+00
6.673493984959419478e+00
6.673378083063045807e+00
6.673561701421633074e+00
6.673428736344410694e+00
6.673563660852860124e+00
6.673637355400409810e+00
6.673372015414227754e+00
6.673227795168250154e+00
6.673724040373755884e+00
6.673418511727339464e+00
6.673350216262158519e+00
6.673469845224599517e+00
6.673317707762000950e+00
6.673726849304304487e+00
6.673205245213259751e+00
6.673392415771259856e+00
6.673751505628402469e+00
6.673231999888769472e+00
6.673476960730796215e+00
6.673602805726139842e+00
6.673356721650326229e+00
6.673378008163476593e+00
6.673297322350943972e+00
6.673498228821006961e+00
6.673349708953562498e+00
6.673091031780982618e+00
6.673467421290907531e+00
6.673406742377285816e+00
6.673405611094129775e+00
6.673523224906094953e+00
6.673421297317728929e+00
6.673412271440608556e+00
6.673311347596965426e+00
6.673304862334738630e+00
6.673801870522755308e+00
6.673756070020039566e+00
6.673548848734076167e+00
6.673562728284215595e+00
6.673375407947401250e+00
6.673921430284147860e+00
6.673385729410397538e+00
6.673564693773879064e+00
6.673602840268369363e+00
6.673173654471462157e+00
6.673613408812720138e+00
6.673758930912695675e+00
6.673813758787253470e+00
6.673356584144516823e+00
6.673549401995916064e+00
6.673339596191059542e+00
6.673394138839426226e+00
6.673325885917416045e+00
6.673334727345521245e+00
6.673404452512375684e+00
6.673580170821257873e+00
6.673496123114865952e+00
6.673398291417097283e+00
6.673249170663633656e+00
6.673458159604726880e+00
6.673301856902508433e+00
6.673562118959750045e+00
6.673337820021356670e+00
6.673477303539609551e+00
6.673615460766284535e+00
6.673749467279114889e+00
6.673668712740298936e+00
6.673551046017395905e+00
6.673647655177210147e+00
6.673376028302422824e+00
6.673701124791828754e+00
6.673707446838524682e+00
6.673577777986376525e+00
6.673708182646209686e+00
6.673445322658125178e+00
6.673383470912413351e+00
6.673881041752496301e+00
6.673306164954493802e+00
6.673484575347172765e+00
6.673247644007524570e+00
6.673615351274055030e+00
6.673196371352434930e+00
6.673313022744792100e+00
6.673445904189517108e+00
6.673621907770448836e+00
6.673239646753500232e+00
6.673255523424709068e+00
6.673628054309028279e+00
6.673718369714472409e+00
6.673185302045530953e+00
6.673275869331150467e+00
6.673531071199735543e+00
6.673317544118606115e+00
6.673485333787077423e+00
6.673383945710283704e+00
6.673817611015323337e+00
6.673422827325002693e+00
6.673405324177082321e+00
6.673274674089767267e+00
6.673610987970021391e+00
6.673136529963190178e+00
6.673434318813686872e+00
6.673274526798159023e+00
6.673484270587645817e+00
6.673707383179292130e+00
6.673773610867457684e+00
6.673485047619789334e+00
6.673265058955778706e+00
6.673642061549857729e+00
6.673457191481189987e+00
6.673154413781750449e+00
6.673487251952050059e+00
6.673541447393685822e+00
6.673467709198938280e+00
6.673545998979052207e+00
6.673359186743405225e+00
6.673576128051076140e+00
6.673807396315392992e+00
6.673409279074745903e+00
6.673408737427578785e+00
6.673434335413880980e+00
6.673342012123981704e+00
6.673608145687532911e+00
6.673854040790219599e+00
6.673605574029009446e+00
6.673175598463544134e+00
6.673226505912560391e+00
6.673637476335281704e+00
6.673645875026315011e+00
6.673622110196721913e+00
6.673272212986806728e+00
6.673305369125761111e+00
6.673601821924662225e+00
6.673482353875176187e+00
6.673578720678282394e+00
6.673471741761392906e+00
6.673151506012600542e+00
6.673410092194915322e+00
6.673229287856117686e+00
6.673362073359563773e+00
6.673653084405311020e+00
6.673486864326096502e+00
6.673484904824093178e+00
6.673463335643625705e+00
6.673366910286524067e+00
6.673573231734479805e+00
6.673658569222955528e+00
6.673500389453978165e+00
6.673353571545638907e+00
6.673573160173900121e+00
6.673556566162152315e+00
6.673815498893826970e+00
6.673102989293095533e+00
6.673477886519941116e+00
6.673645796510106365e+00
6.673437105899339805e+00
6.673574267196785037e+00
6.673768075834957791e+00
6.673290052952498996e+00
6.673287803930196382e+00
6.673372059920354538e+00
6.673675541716028725e+00
6.673302975264223669e+00
6.673166696221263905e+00
6.673765671539289457e+00
6.673566862713482983e+00
6.673781864695387256e+00
6.673277185460179339e+00
6.673480201412657742e+00
6.673411215700022048e+00
6.673492021840630173e+00
6.673476836777745724e+00
6.673270018068111931e+00
6.673558985988524483e+00
6.673392915002009040e+00
6.673530981516928584e+00
6.673293746476684163e+00
6.673297391193123040e+00
6.673599559414908455e+00
6.673615121265229710e+00
6.673617232156902723e+00
6.673633711432477966e+00
6.673458477592695282e+00
6.673692670003934069e+00
6.673427893151576917e+00
6.673542819969267903e+00
6.673577937718417452e+00
6.673511515836524133e+00
6.673451024290090849e+00
6.673368493424610470e+00
6.673338523395573318e+00
6.673440571922820475e+00
6.673722028116390703e+00
6.673189543425070092e+00
6.673692110281193912e+00
6.674084866446380992e+00
6.673456950434649926e+00
6.673091320872981846e+00
6.673468731686619471e+00
6.673703954767358226e+00
6.673271233474273423e+00
6.673495472336631984e+00
6.673260041896506678e+00
6.673371054771338073e+00
6.673695083894804370e+00
6.673131754940799354e+00
6.673627833137972587e+00
6.673588896194405429e+00
6.673284752452397051e+00
6.673680409395323920e+00
6.673231607062026782e+00
6.673542279208039218e+00
6.673688246947013347e+00
6.673292671351509497e+00
6.673298283064154290e+00
6.673556415835999900e+00
6.673556817592785961e+00
6.673622215745217190e+00
6.673773560407726180e+00
6.673498803869405194e+00
6.673437601435073141e+00
6.673199177915875246e+00
6.673203739989599370e+00
6.673528195672005836e+00
6.673099954222246666e+00
6.673408103682916703e+00
6.673376477558781161e+00
6.673612527205727396e+00
6.673193910337244183e+00
6.673316799834696944e+00
6.673551425445917396e+00
6.673826069325906829e+00
6.673399952378877842e+00
6.673653197730534004e+00
6.673459670907764263e+00
6.673426084848321338e+00
6.673659475224246407e+00
6.673396529269434829e+00
6.673505098084731024e+00
6.673353042759038622e+00
6.673270206687694106e+00
6.673402567418904141e+00
6.673614034260102024e+00
6.673468212752664108e+00
6.673480471130413427e+00
6.673696496743124484e+00
6.673269470627443134e+00
6.673671842935475773e+00
6.673471270285709522e+00
6.673395327031547808e+00
6.673515565805289818e+00
6.673328072750223328e+00
6.673374384296389294e+00
6.673379138494052398e+00
6.673093209220547273e+00
6.673588351832086651e+00
6.673546477894391593e+00
6.673394176520135446e+00
6.673764859272010241e+00
6.673540416797870023e+00
6.673659933132075395e+00
6.673526794601780665e+00
6.673242574084778944e+00
6.673522057930480145e+00
6.673655218180210902e+00
6.672936699608476019e+00
6.673852833673972640e+00
6.673392707622095799e+00
6.673058999902444555e+00
6.673287312986406761e+00
6.673322273128066584e+00
6.673176255818196623e+00
6.673232449257734622e+00
6.673564671636662560e+00
6.673264157518006279e+00
6.673473896868885369e+00
6.673416654965390826e+00
6.673388088209289748e+00
6.673197316964400549e+00
6.673408546386441209e+00
6.673704254449178030e+00
6.673429325512739929e+00
6.673417147038717800e+00
6.673453311919164577e+00
6.673346571607339683e+00
6.673658599566088867e+00
6.673508694034678612e+00
6.673462415785856194e+00
6.673365449626348145e+00
6.673375779455635204e+00
6.673388689471414281e+00
6.673454586894152385e+00
6.673312435664407793e+00
6.673630458335735760e+00
6.673603185854343423e+00
6.673824234347349282e+00
6.673554268239237253e+00
6.673382760747761822e+00
6.673286826148893347e+00
6.673367654197599030e+00
6.673544878493861354e+00
6.673471720259092521e+00
6.673479705433614129e+00
6.673699939706211559e+00
6.673683619717014182e+00
6.673165816275287376e+00
6.673530385482385974e+00
6.673675503028268174e+00
6.673710170675922981e+00
6.673702433321719418e+00
6.673498389042903156e+00
6.673376954062979927e+00
6.673562491244722672e+00
6.673781446431450881e+00
6.673827370119648883e+00
6.673243557291866246e+00
6.673588380287375443e+00
6.673639558611308864e+00
6.673441962467953736e+00
6.673618044185083420e+00
6.673290106399012878e+00
6.673871265189124991e+00
6.673674873729129153e+00
6.673294716945588512e+00
6.673295172264264608e+00
6.673514431444397488e+00
6.673591156835303906e+00
6.673419939862075267e+00
6.673297192100943853e+00
6.673855222994242276e+00
6.673351075108644004e+00
6.673627794659545032e+00
6.673572211574444246e+00
6.673473822691710744e+00
6.673510197830106350e+00
6.673549322984832166e+00
6.673361097114666407e+00
6.673416776710790366e+00
6.673573193230792455e+00
6.673509819666239018e+00
6.673454566097545282e+00
6.673391687605964684e+00
6.673766081122217031e+00
6.673413108112606018e+00
6.673747345710301815e+00
6.673474860496431127e+00
6.673439000880615701e+00
6.673489304764942176e+00
6.673303873156564592e+00
6.673585793923831666e+00
6.673698616606389855e+00
6.673745807762313298e+00
6.673409877302303173e+00
6.673617484742195849e+00
6.673440506924954718e+00
6.673170721032168906e+00
6.673536346312779699e+00
6.673272861769522279e+00
6.673547653753146847e+00
6.673895183561045386e+00
6.673380096929878214e+00
6.673329487944770655e+00
6.673483926505310748e+00
6.673725406947261796e+00
6.673142943314495312e+00
6.673421840796470050e+00
6.673602271476783976e+00
6.673292545257488051e+00
6.673139682280710971e+00
6.673479119496648515e+00
6.673537048231760416e+00
6.673501645344676270e+00
6.673586341301768421e+00
6.673516380637392942e+00
6.673324731438074586e+00
6.673532510211868107e+00
6.673544185029694376e+00
6.673644616690377340e+00
6.673596065141970790e+00
6.673376975728232630e+00
6.673406768272105438e+00
6.673459341619944141e+00
6.673460766577782088e+00
6.673672634712241702e+00
6.673594715762305007e+00
6.673558896061244639e+00
6.673669784171585739e+00
6.673577036403225193e+00
6.673295432492107437e+00
6.673565380068986919e+00
6.673273416075491404e+00
6.673683189825775131e+00
6.673419864294934278e+00
6.673092470079274641e+00
6.673331073633200994e+00
6.673511083802392108e+00
6.673482350812250274e+00
6.673219222108571991e+00
6.673375310471888255e+00
6.673849519712732992e+00
6.673425926415757381e+00
6.673456927834386043e+00
6.673355333014639790e+00
6.673526527084220561e+00
6.673206401071129612e+00
6.673898366435508045e+00
6.673667194662880497e+00
6.673645160954286837e+00
6.673309702533638088e+00
6.673430199400918639e+00
6.673370261227240086e+00
6.673425337712373562e+00
6.673567007428758302e+00
6.673683049427439506e+00
6.673870864401933112e+00
6.673498850728742049e+00
6.673567339927697795e+00
6.673196336948847396e+00
6.673380892889782423e+00
6.673546608807088276e+00
6.673751103898356796e+00
6.673636971588420508e+00
6.673140780422639473e+00
6.673631187832255840e+00
6.673599125746601857e+00
6.674046244263977634e+00
6.673521148071195341e+00
6.673284086977587570e+00
6.673299163686646551e+00
6.673800356546396806e+00
6.673568510507107199e+00
6.673362561201361842e+00
6.673441903401624131e+00
6.673454207332465415e+00
6.673018703456741640e+00
6.673382444346752429e+00
6.673689192418340355e+00
6.673521316995656427e+00
6.673362829600484325e+00
6.673814203024277525e+00
6.673437875891631954e+00
6.673350782315385921e+00
6.673067631235175767e+00
6.673615196256865723e+00
6.673221199302636464e+00
6.673662548830686880e+00
6.673343627346650209e+00
6.673494832248195507e+00
6.673210756434087010e+00
6.673681110336603162e+00
6.673506534340503116e+00
6.673692473926870150e+00
6.673521759838392242e+00
6.673640353215781751e+00
6.673363916670493445e+00
6.673499860418908192e+00
6.673665975169583042e+00
6.673752100101758344e+00
6.673375260164226219e+00
6.673671069757004304e+00
6.673646870686177124e+00
6.673370024646799514e+00
6.673264279041746683e+00
6.673632049792655785e+00
6.673166543505545611e+00
6.673499924048837961e+00
6.673574414208176542e+00
6.673369455163027375e+00
6.673448292256165537e+00
6.673540227941760605e+00
6.673302080146485515e+00
6.673272675628158623e+00
6.673070712776514313e+00
6.673799112928541888e+00
6.673440557363761627e+00
6.673374163315455299e+00
6.673828600145826684e+00
6.673761748771664060e+00
6.673493040131212695e+00
6.673364984230995667e+00
6.673476575726363436e+00
6.673593250880066385e+00
6.673308345912384532e+00
6.673428721029075916e+00
6.673694792377282248e+00
6.673511896929152698e+00
6.673633672789526905e+00
6.673392267422389779e+00
6.673477033435164074e+00
6.673359342066973454e+00
6.673395745942724666e+00
6.673496147837873593e+00
6.673525218769920109e+00
6.673517323562045966e+00
6.673557621475953994e+00
6.673575919800102341e+00
6.673629285226206242e+00
6.673464339480969620e+00
6.673611882872338086e+00
6.673774846622514190e+00
6.673698633510903200e+00
6.673519753029139245e+00
6.673361985924939788e+00
6.673411264926638609e+00
6.673582483467316528e+00
6.673334445281616567e+00
6.673060883732733650e+00
6.673688795322964218e+00
6.673951010054257615e+00
6.673398384843638453e+00
6.673755485912015395e+00
6.673457713942732461e+00
6.673756414548354776e+00
6.673553982832883591e+00
6.673683003643400724e+00
6.673375484450286166e+00
6.673170284271395580e+00
6.673577268687042263e+00
6.673395857227497174e+00
6.673700153925776313e+00
6.673475023424783714e+00
6.673214569255982553e+00
6.673363462891847675e+00
6.673520242707628114e+00
6.673550723054042066e+00
6.673540510562729899e+00
6.673407343413273018e+00
6.673241410507763760e+00
6.673324597587930285e+00
6.673395756985603278e+00
6.673437452190383645e+00
6.673587376494669599e+00
6.673433116211445970e+00
6.673427239675155498e+00
6.673333680010388846e+00
6.673817637176422402e+00
6.673578079967466437e+00
6.673613314675304942e+00
6.673563460583651796e+00
6.673677336938380833e+00
6.673413396422091637e+00
6.673749775279047114e+00
6.673732281417711576e+00
6.673512925893454018e+00
6.673291078893395678e+00
6.673481004599992161e+00
6.673374014845968816e+00
6.673348676589489159e+00
6.673281678988918664e+00
6.673375665633189513e+00
6.673377117570032269e+00
6.673742912593003673e+00
6.673422528505104090e+00
6.673512283774861942e+00
6.673202616931751763e+00
6.673491610726357770e+00
6.673281862151105415e+00
6.673582991486026295e+00
6.673415272876705551e+00
6.673463098687578920e+00
6.673420680577886621e+00
6.673519244864413835e+00
6.673661153999328910e+00
6.673817381237635793e+00
6.673540630912172311e+00
6.673447081572595252e+00
6.673418377948079794e+00
6.672919433804306522e+00
6.673638603713434314e+00
6.673267183763786470e+00
6.673609813364278054e+00
6.673568898650637848e+00
6.673388086706044220e+00
6.673325231364303001e+00
6.673756354461067630e+00
6.673300693310994625e+00
6.673459736592660008e+00
6.673327352977064031e+00
6.673703590447496836e+00
6.673725400409662889e+00
6.673395342216319470e+00
6.673379081318929096e+00
6.673405580963119199e+00
6.673607795014962818e+00
6.673659928825273369e+00
6.673430223362574409e+00
6.673498028863473763e+00
6.673422440181860260e+00
6.673299072229490925e+00
6.673662552777144263e+00
6.673611653502614871e+00
6.673464818697639522e+00
6.673539915493609698e+00
6.673459381903420251e+00
6.673474593154250734e+00
6.673982337511732865e+00
6.673671651727348220e+00
6.673428740542994397e+00
6.673295359602919419e+00
6.673111596388070943e+00
6.673238283722144004e+00
6.673297555620423260e+00
6.673281816226445784e+00
6.673664291099847823e+00
6.673593411200053005e+00
6.673193193965305525e+00
6.673916134961508817e+00
6.673426349168312122e+00
6.673052590036008702e+00
6.673678214721322277e+00
6.673399264105039919e+00
6.673406337165669555e+00
6.673791176451055129e+00
6.673505125451789866e+00
6.673203212339466894e+00
6.673563582283295936e+00
6.673422871001375434e+00
6.673171717501462652e+00
6.673401358203714828e+00
6.673435301734501834e+00
6.673649480269832956e+00
6.673535827806302834e+00
6.673443428023392521e+00
6.673400864169664715e+00
6.673386724739685860e+00
6.673530327761797665e+00
6.673747053942806318e+00
6.673747613020034386e+00
6.673426104614322618e+00
6.673407669551363774e+00
6.673413928892364844e+00
6.673362088019186622e+00
6.673430176104048428e+00
6.673631517881371877e+00
6.673364003391927923e+00
6.673539987505251680e+00
6.673706516593049365e+00
6.673361299083514275e+00
6.673341817748693394e+00
6.673411296771630141e+00
6.673623794415617816e+00
6.673818277592264536e+00
6.673734571124440684e+00
6.673286473030008104e+00
6.673193953848954862e+00
6.673404641833406536e+00
6.673816732380558392e+00
6.673671851232253260e+00
6.673435597866826718e+00
6.673463902624217958e+00
6.673526334626628476e+00
6.673341934831475086e+00
6.673466484082458905e+00
6.673714659440673991e+00
6.673588407655060450e+00
6.673248388588393532e+00
6.673579683183235467e+00
6.673407283481602725e+00
6.673515714433831292e+00
6.673615694694488454e+00
6.673067472415815438e+00
6.673279778254470607e+00
6.673437159369556504e+00
6.673638747105163915e+00
6.673383263011448463e+00
6.673427899271928254e+00
6.673539650627549058e+00
6.673299594255037270e+00
6.673201295394424193e+00
6.673617154423182818e+00
6.673474700005506577e+00
6.673611475826916717e+00
6.673543600010973798e+00
6.673636353935933130e+00
6.673590063731175803e+00
6.673412496544560035e+00
6.673521560029528565e+00
6.673563106738008344e+00
6.673292361442975995e+00
6.673611009072748068e+00
6.673694175555760388e+00
6.673418095583192766e+00
6.673715596869180366e+00
6.673255406829379233e+00
6.673351304983557775e+00
6.673843821561717071e+00
6.673562213299166324e+00
6.673497469248336422e+00
6.673942908034453225e+00
6.673634694246202592e+00
6.673628218566074466e+00
6.673398837006965678e+00
6.673884142060890312e+00
6.673190299590619823e+00
6.673325370966309400e+00
6.673657653261915179e+00
6.673507482861074536e+00
6.673416802238834045e+00
6.673499392281046383e+00
6.673952147689484526e+00
6.673481462463674241e+00
6.673594698079049259e+00
6.673511239666495953e+00
6.673599157528938619e+00
6.673547748035201899e+00
6.673484527947286082e+00
6.673446535177913752e+00
6.673428388617360874e+00
6.673857452460774553e+00
6.673560987728145655e+00
6.673082676740373032e+00
6.673285468874665227e+00
6.673137326429764649e+00
6.673488669062423106e+00
6.673599996535227064e+00
6.673767877851390473e+00
6.673730983578482601e+00
6.673479027105821970e+00
6.673345289471001252e+00
6.673359717480050968e+00
6.673221122113845993e+00
6.673133821057469994e+00
6.673497609976164036e+00
6.673380257842723040e+00
6.673331911181844767e+00
6.673592747641566625e+00
6.673692713030784596e+00
6.673340195175822664e+00
6.673397869247809311e+00
6.673872952152962057e+00
6.673478748380142100e+00
6.673309778389642233e+00
6.673395467066988829e+00
6.673694749408575433e+00
6.673562874993243632e+00
6.673767980584451642e+00
6.673547005105660013e+00
6.673511656052422580e+00
6.673716687388788316e+00
6.673319215842891339e+00
6.673713771509835802e+00
6.673594584986664913e+00
6.673516724363405928e+00
6.673815948236494933e+00
6.673354312589843573e+00
6.673687955537304539e+00
6.673603467467924766e+00
6.673339194392907459e+00
6.673656120165478711e+00
6.673577520923241302e+00
6.673583721841696459e+00
6.673635400947780738e+00
6.673416109000011254e+00
6.673448431079577858e+00
6.673491867008760181e+00
6.673512951753330924e+00
6.673721268152408292e+00
6.673402973938648231e+00
6.673615395814646689e+00
6.673657940663162869e+00
6.673694626990530843e+00
6.673593401235812905e+00
6.673517464759150641e+00
6.673158453819574731e+00
6.673550632364497304e+00
6.673502627449082070e+00
6.673389439066991891e+00
6.673555407930437333e+00
6.673651109563133232e+00
6.673516644908704443e+00
6.673719347973244176e+00
6.673654635018849035e+00
6.673790343470781927e+00
6.673545665804121008e+00
6.673455011357888544e+00
6.673431716473926301e+00
6.673615607142661332e+00
6.673292357952196774e+00
6.673637511494106889e+00
6.673461237502970711e+00
6.673268362469592319e+00
6.673500045399795688e+00
6.673157432741615658e+00
6.673704370489891069e+00
6.673376508572033572e+00
6.673504713018660439e+00
6.673540815104194834e+00
6.673735947218360387e+00
6.673642955766895923e+00
6.673693004988910715e+00
6.673649068559338815e+00
6.673511622458845771e+00
6.673688749464000480e+00
6.673743098201720514e+00
6.673609167536677766e+00
6.673328979607940248e+00
6.673494642721344405e+00
6.673394203337146280e+00
6.673545644496329032e+00
6.673167364386737077e+00
6.673733644747389171e+00
6.673653345028307982e+00
6.673592316436980809e+00
6.673462383050917879e+00
6.673306164232664983e+00
6.673552274744627866e+00
6.673661839785680172e+00
6.673778059445111488e+00
6.673583285216452943e+00
6.673589914144631763e+00
6.673541832918795436e+00
6.673441557506106570e+00
6.673328767414382412e+00
6.673183213144044501e+00
6.673590582797864990e+00
6.673504299799436268e+00
6.673270360657375555e+00
6.673606866292859152e+00
6.673627931832355920e+00
6.673729489775083401e+00
6.673747762120217253e+00
6.673499912525342026e+00
6.673034028355614211e+00
6.673425797138642146e+00
6.673386633496107834e+00
6.673669333810817506e+00
6.673629225074408033e+00
6.673489790569869129e+00
6.673353340715261872e+00
6.673736471872821596e+00
6.673494422869331366e+00
6.673253934852423797e+00
6.673412745499018861e+00
6.673477221070294618e+00
6.673540253973984093e+00
6.673613346072272634e+00
6.673876635876693442e+00
6.673168107954028372e+00
6.673443019218881389e+00
6.672983700282115294e+00
6.673359372693004055e+00
6.673812988472949570e+00
6.673666722978132348e+00
6.673514846367071485e+00
6.673373353685804865e+00
6.673691373206766642e+00
6.673536300119291553e+00
6.673315853224581318e+00
6.673645683433974796e+00
6.673291540595969629e+00
6.673379760983137565e+00
6.673424446928239107e+00
6.673052822756427638e+00
6.673385800072344054e+00
6.673616798402453476e+00
6.673986304947263193e+00
6.673701118728557091e+00
6.673246947448316035e+00
6.673283940381449675e+00
6.673600479585910961e+00
6.673114281534510361e+00
6.673671024420008813e+00
6.673402358650382560e+00
6.673339796334444962e+00
6.673745904035452980e+00
6.673410383293438386e+00
6.673477132265100309e+00
6.673750772431804812e+00
6.673362555163136811e+00
6.673392921159565283e+00
6.673537387097582929e+00
6.673450106525933734e+00
6.673563640535594921e+00
6.673701458488694449e+00
6.673381164901397433e+00
6.673715629924572568e+00
6.673812816700344541e+00
6.673375834514743588e+00
6.673371001864779828e+00
6.673786955369941154e+00
6.673643407606157929e+00
6.673484850121999656e+00
6.673431235237056391e+00
6.673702336569159677e+00
6.673628259250286021e+00
6.673688061996440268e+00
6.673317571848627061e+00
6.673559136600151653e+00
6.673543535899259638e+00
6.673576321304830472e+00
6.673472951573900858e+00
6.673496237416034482e+00
6.673312293091846925e+00
6.673357310072810300e+00
6.673541041530683948e+00
6.673589600918223397e+00
6.673496933281768406e+00
6.673375150031804814e+00
6.673630528333331036e+00
6.673455331367255106e+00
6.673595730918707503e+00
6.673660206358662528e+00
6.673778151618703802e+00
6.673328740299536044e+00
6.673501564742595704e+00
6.673561558313175546e+00
6.673627977120855981e+00
6.673370947734301950e+00
6.673565929233290284e+00
6.673602442202355434e+00
6.673708971128179179e+00
6.673565039288249068e+00
6.673470046583122262e+00
6.673295095076010597e+00
6.673458182740698241e+00
6.673642576729382547e+00
6.673341948664602619e+00
6.673309257678976536e+00
6.673162499219911226e+00
6.673128955366374626e+00
6.673646382922768794e+00
6.673428831009798223e+00
6.673024870151827770e+00
6.673432011735853209e+00
6.673858761431088915e+00
6.673532482750436756e+00
6.673335383012307886e+00
6.673599226384874683e+00
6.673502366164983712e+00
6.673463329766708974e+00
6.673590962277935468e+00
6.673789884506016179e+00
6.673343285845410477e+00
6.673629589386201211e+00
6.673153358057757778e+00
6.673542681675787236e+00
6.673248876931320517e+00
6.673619767367352296e+00
6.673439288883083798e+00
6.673777927178481839e+00
6.673587629651383857e+00
6.673644818898784692e+00
6.673340343019714460e+00
6.673431330992413812e+00
6.673721952964662307e+00
6.673570541261689471e+00
6.673471603666515151e+00
6.673765030768287865e+00
6.673708150118046412e+00
6.673392119514573118e+00
6.673355987537027190e+00
6.673540731977819718e+00
6.673633756725178223e+00
6.673629020994750860e+00
