6.672768470342896663e+00
6.672552512304191552e+00
6.672589959029548545e+00
6.672782379257890639e+00
6.672758833327363526e+00
6.672883560783840373e+00
6.672557959693832252e+00
6.672730252258863182e+00
6.672569675847155324e+00
6.672439989970209595e+00
6.672779383492217775e+00
6.672417437342694768e+00
6.672737449994925463e+00
6.672962091785380245e+00
6.672684057793104806e+00
6.672460651939255527e+00
6.672255801482579685e+00
6.672953574768579976e+00
6.672779916057542060e+00
6.672495080570665316e+00
6.672216491310945408e+00
6.672713560217480300e+00
6.672506443682082455e+00
6.672569790487258956e+00
6.672303073364793669e+00
6.672748397217657335e+00
6.672781918693182490e+00
6.672234642652300707e+00
6.672395801847226693e+00
6.672639056537278179e+00
6.672839079848833954e+00
6.672779076678039267e+00
6.672760859534604627e+00
6.672389787996486632e+00
6.673446993658078696e+00
6.672410190655193141e+00
6.672669627952862115e+00
6.672509838780688263e+00
6.672524707517339060e+00
6.673072448653660338e+00
6.672426120905206481e+00
6.672799089583721255e+00
6.672770940357487746e+00
6.672264041760501918e+00
6.672732741123609479e+00
6.672567929575887291e+00
6.672367753101284826e+00
6.672357725596201661e+00
6.672575291967224764e+00
6.672846450926168238e+00
6.672209599725473339e+00
6.672004902870686927e+00
6.672563781788485748e+00
6.672227300761648827e+00
6.673115660446357289e+00
6.672596610032372588e+00
6.672632504564262490e+00
6.672638637593744093e+00
6.672634505724857057e+00
6.672542808810175252e+00
6.672472380826297567e+00
6.672428086113446177e+00
6.672364296870354039e+00
6.672734223205944559e+00
6.672820044117353078e+00
6.672567592045505869e+00
6.672544480966370095e+00
6.672639484235603824e+00
6.672464193848020031e+00
6.672476398958931298e+00
6.672703494401613256e+00
6.672696184149910614e+00
6.672621518807630991e+00
6.672491358229541980e+00
6.672307264513476888e+00
6.672567986128998818e+00
6.672906191343186855e+00
6.672608622287475200e+00
6.672694503494053464e+00
6.672194586004978945e+00
6.672714365043777462e+00
6.672620728044386773e+00
6.672653815010773037e+00
6.672641096610704814e+00
6.672396097064274834e+00
6.672976691262920035e+00
6.672883901575059618e+00
6.672359700922116055e+00
6.672393810608049591e+00
6.672609037311516111e+00
6.672630313686608083e+00
6.672380208526538681e+00
6.672610143385963255e+00
6.672416845664410623e+00
6.672957664972204661e+00
6.672687531620169921e+00
6.672437566096150796e+00
6.672434786282718910e+00
6.672130958771517406e+00
6.672469641726599399e+00
6.673015199909405837e+00
6.672691287253092796e+00
6.672626761440457521e+00
6.672671669030886932e+00
6.672351756429669933e+00
6.672846326677145612e+00
6.672653948099348753e+00
6.672745414315616408e+00
6.672860966157267981e+00
6.673022128700294431e+00
6.672576008476378995e+00
6.672788589265282511e+00
6.673062442782476289e+00
6.672420815493803836e+00
6.672611493391971571e+00
6.672360736138744031e+00
6.672788652668498521e+00
6.672817135756931251e+00
6.673044142128567557e+00
6.672935056354304173e+00
6.672544958034752227e+00
6.672610642621211952e+00
6.672258077514642949e+00
6.672593711506779712e+00
6.672921168747801168e+00
6.672789177294120577e+00
6.672599737442967971e+00
6.672876608430978074e+00
6.672447598213295805e+00
6.672209440653161572e+00
6.672481498216015439e+00
6.672733244042210465e+00
6.672607945526594975e+00
6.672538646260270490e+00
6.672561211471440323e+00
6.672027755560633544e+00
6.672369127163764624e+00
6.672658877153650359e+00
6.672882994000160828e+00
6.672392196989453517e+00
6.672468989555569330e+00
6.672399186765039403e+00
6.672477208533766024e+00
6.672429395798490148e+00
6.672458916750816371e+00
6.672613739125633714e+00
6.672802276277745470e+00
6.672593131910621089e+00
6.672443667225247843e+00
6.672285204168529660e+00
6.672673992498302731e+00
6.672425485067349449e+00
6.672916348936295705e+00
6.672517486467966386e+00
6.672701033548884553e+00
6.672110338330862866e+00
6.672887638401348909e+00
6.672794574536371925e+00
6.672304460311184293e+00
6.672775895665413515e+00
6.672779582043913749e+00
6.672616728146861576e+00
6.672558564403902714e+00
6.672210749707566890e+00
6.672488796970839964e+00
6.672135924148664188e+00
6.672584873985538678e+00
6.672791285663121741e+00
6.672504284206214997e+00
6.672626927389120333e+00
6.672499136008923415e+00
6.672808487194953564e+00
6.672869604167567914e+00
6.672785467016693950e+00
6.672719626090050760e+00
6.672559031885379355e+00
6.672277985361162678e+00
6.672860448892496521e+00
6.672995150776884543e+00
6.672662575946585406e+00
6.672665939759585108e+00
6.672458944658463231e+00
6.672963111498221522e+00
6.672395222033722817e+00
6.672781722397763460e+00
6.672477134927106590e+00
6.672465902318177378e+00
6.672772339855197465e+00
6.672412548769993457e+00
6.672752661419847797e+00
6.672719680806300069e+00
6.672490988632547193e+00
6.672804463629719685e+00
6.672308447814927490e+00
6.672559052127844836e+00
6.672445327065387843e+00
6.673027417486086854e+00
6.672670978461983537e+00
6.672386577017449305e+00
6.672337597768752460e+00
6.672754547649297763e+00
6.672587053525237621e+00
6.672486520426185841e+00
6.672597993366916391e+00
6.672224448864812807e+00
6.672603170261451666e+00
6.672572086728325580e+00
6.672258416449005303e+00
6.672674002278029981e+00
6.672733137504888390e+00
6.672719192785298681e+00
6.672550721735952983e+00
6.672597478532744653e+00
6.672291422585566067e+00
6.672600530447115652e+00
6.672745675727130177e+00
6.672590468100063177e+00
6.672561550464322977e+00
6.672610577162641832e+00
6.672886299861381154e+00
6.672605454640899048e+00
6.672291326007230516e+00
6.672891580521000954e+00
6.672579635391398867e+00
6.672324987564338450e+00
6.672843040792532321e+00
6.672519823371970915e+00
6.672751131148499049e+00
6.672329625855582869e+00
6.672671368921408330e+00
6.672769001352381046e+00
6.672601122912782401e+00
6.672587614513682652e+00
6.672736644150685237e+00
6.672518155585024147e+00
6.672690713669167550e+00
6.672488816620517404e+00
6.672598185556805284e+00
6.672969704614920339e+00
6.672727470272660000e+00
6.672954646863511918e+00
6.672620297157052072e+00
6.672824784578732960e+00
6.672305802941372654e+00
6.672513832179162385e+00
6.672474056406163534e+00
6.672618611442006298e+00
6.672125109882564686e+00
6.672207334966850922e+00
6.672755351943382429e+00
6.672741236514330154e+00
6.672460039725206293e+00
6.672446689806386999e+00
6.672732632066209923e+00
6.672693161599617895e+00
6.672923683015437035e+00
6.672411948600529108e+00
6.672866377116731584e+00
6.672193454628234655e+00
6.672242715885981390e+00
6.672848403889328317e+00
6.672326923015561739e+00
6.672768530280547949e+00
6.672412640082620250e+00
6.672410473525782315e+00
6.672117372499776877e+00
6.672669815595590137e+00
6.672440732905942085e+00
6.672758265595612137e+00
6.672840835649849645e+00
6.672623361950495102e+00
6.672539718499334249e+00
6.672680375797530594e+00
6.672457405413920739e+00
6.672683870222556379e+00
6.672815156398685943e+00
6.672372821285677880e+00
6.672607609044559851e+00
6.672787238215175165e+00
6.672469970041685627e+00
6.672859795891165291e+00
6.672548369127704326e+00
6.672641603632294860e+00
6.672573631576244502e+00
6.672014142912206403e+00
6.673257478168197920e+00
6.672544701424437896e+00
6.672529452767990144e+00
6.672657345530044637e+00
6.672686452812032876e+00
6.672388234012323061e+00
6.672449926808888598e+00
6.672856838689879666e+00
6.672445499940595326e+00
6.672566204503868725e+00
6.672779591975727342e+00
6.672456740768394567e+00
6.672274507731232873e+00
6.672407885884998002e+00
6.672953144454877972e+00
6.672794776246508519e+00
6.672620417405461524e+00
6.672379371286824679e+00
6.672445402968087969e+00
6.672344647812383123e+00
6.672313140109875640e+00
6.672527494087908906e+00
6.672700269332744405e+00
6.672768222565300000e+00
6.672458759378595339e+00
6.672917497761877037e+00
6.671792787265737878e+00
6.672415227864606280e+00
6.672653734852933560e+00
6.672547348620684105e+00
6.672947243470841450e+00
6.672602119260905518e+00
6.672709686555047703e+00
6.672535957681787089e+00
6.672767167551853618e+00
6.672842357674013236e+00
6.672335196381714795e+00
6.672468917738767935e+00
6.672201483855348059e+00
6.672679465061635007e+00
6.672287394830823004e+00
6.672317608244830112e+00
6.672600610205154936e+00
6.672350921904754095e+00
6.672769057929719416e+00
6.672319639575553296e+00
6.672427799762998823e+00
6.672770703982743967e+00
6.672352629979408256e+00
6.672293253445237049e+00
6.672297673416935027e+00
6.672512316948398414e+00
6.672833673377684960e+00
6.672540890073124231e+00
6.672703599361603288e+00
6.672753656545336476e+00
6.672332803480795604e+00
6.672806312255528560e+00
6.672638090401285638e+00
6.672634339623447985e+00
6.672037409912741523e+00
6.672172564690281860e+00
6.672335721313631396e+00
6.672200311011518004e+00
6.672437103608933384e+00
6.672880567970810084e+00
6.672639574735761414e+00
6.672428464711912532e+00
6.672523861354806129e+00
6.672566253467398845e+00
6.672776663513729112e+00
6.672827190788805041e+00
6.672387244927317163e+00
6.673128950377217095e+00
6.672353334474634856e+00
6.672053938436238063e+00
6.672796850380564138e+00
6.672628340551514547e+00
6.672543119076540741e+00
6.672463041812600970e+00
6.672183251640606549e+00
6.672328984184839662e+00
6.672139136845662399e+00
6.672277529800811458e+00
6.672735479618665089e+00
6.672727704111250269e+00
6.672561507948959303e+00
6.672519508171787628e+00
6.672614830063166025e+00
6.672397526009722135e+00
6.672750336105120361e+00
6.672879844299736796e+00
6.672729648014879444e+00
6.672519314954220349e+00
6.672608990716745403e+00
6.672568528203518312e+00
6.672526629358108252e+00
6.672706704006301948e+00
6.672365893444388796e+00
6.672472743835971443e+00
6.672573639088319020e+00
6.672697516516749694e+00
6.672407384450898427e+00
6.672213083816291856e+00
6.672925021552623903e+00
6.672589613952942145e+00
6.672666713121876647e+00
6.672655517322490404e+00
6.672223014587507883e+00
6.672899819234006991e+00
6.672392732990873654e+00
6.672466924234033314e+00
6.672128011216788224e+00
6.672547505601693629e+00
6.672781202264791212e+00
6.672824919462294169e+00
6.672640736925534277e+00
6.673019839248807372e+00
6.672473968157488500e+00
6.672492873836338489e+00
6.672553820641266675e+00
6.672583933153268809e+00
6.672622338120378416e+00
6.672892220882667758e+00
6.673270420501994593e+00
6.672283440971184199e+00
6.672918413437903595e+00
6.672657908565607698e+00
6.672644599680619848e+00
6.672754296552169784e+00
6.672517305307970936e+00
6.673001288144043031e+00
6.673017024287200449e+00
6.672674859764690325e+00
6.672517091051323845e+00
6.672689915130301408e+00
6.672661191229678934e+00
6.672542002763352187e+00
6.672569615161152434e+00
6.672121735095320361e+00
6.672400137156083488e+00
6.672212160106691492e+00
6.672807559830223667e+00
6.672579262340623707e+00
6.672832773201125001e+00
6.672863507876445333e+00
6.672864127326510797e+00
6.673215439811420069e+00
6.673147675774210974e+00
6.672311031372580636e+00
6.672795669772022542e+00
6.672839726990501319e+00
6.672895901931518381e+00
6.672458643336603323e+00
6.672862760384935754e+00
6.672771809420735778e+00
6.672008362101206735e+00
6.672210190658725892e+00
6.672909676266177925e+00
6.672347456228691520e+00
6.672538976213588491e+00
6.672698688298567049e+00
6.672344205165900100e+00
6.672630630021188836e+00
6.672388967962519679e+00
6.672452554529616719e+00
6.672675099034315771e+00
6.672678184912329336e+00
6.672641738466403183e+00
6.672496237154944332e+00
6.672401120706571653e+00
6.672440042175954211e+00
6.672542084330687295e+00
6.672795936843826325e+00
6.672315007355814842e+00
6.672597555228485078e+00
6.672651851876077345e+00
6.672786689924548931e+00
6.672611111954565466e+00
6.672575001417349938e+00
6.672362271129522959e+00
6.672515825447193905e+00
6.672348684356650850e+00
6.672516773134500312e+00
6.672657462351353708e+00
6.672458770006137740e+00
6.672653273539737029e+00
6.672646866697641066e+00
6.672532996354198609e+00
6.672522868917573291e+00
6.672262596763522957e+00
6.672574621285709107e+00
6.672737107839566306e+00
6.672631264558857467e+00
6.672837301139075805e+00
6.672815679402653188e+00
6.672759495212891245e+00
6.672815499187700894e+00
6.672266668895904473e+00
6.672439834864487551e+00
6.673037466976073695e+00
6.672320516630834142e+00
6.672619628261788449e+00
6.672577981346491605e+00
6.672670034782273163e+00
6.672231168037240145e+00
6.672641076208283728e+00
6.672516959015747595e+00
6.672643414645131443e+00
6.672266530983806732e+00
6.672299221223179977e+00
6.672747330079579875e+00
6.672071328588081940e+00
6.672519632598741701e+00
6.672288731663732264e+00
6.672796012707470581e+00
6.672790028839720833e+00
6.672700738354224725e+00
6.672480442237083587e+00
6.672625184990796932e+00
6.672918618545737424e+00
6.672947081751901877e+00
6.672643731067494421e+00
6.672683258898109315e+00
6.672746623991874237e+00
6.672669529593286519e+00
6.672817012487471722e+00
6.672686661808594266e+00
6.672651767697247216e+00
6.672929723948045400e+00
6.672622848447668176e+00
6.672520061709535710e+00
6.672674792170030678e+00
6.673011705746246136e+00
6.672463641814652568e+00
6.672624022225875251e+00
6.672499804266759149e+00
6.672614430827314536e+00
6.672951766774098736e+00
6.672399045423365038e+00
6.672352569928774457e+00
6.672935252021206409e+00
6.672295835546489862e+00
6.672698991528546841e+00
6.672706002527711178e+00
6.672868755421059284e+00
6.672748533632343992e+00
6.672821425621646263e+00
6.672488613869743013e+00
6.672547933636121975e+00
6.672633228528477289e+00
6.672080215689794258e+00
6.672711488521114731e+00
6.672424887392232939e+00
6.672694707474764009e+00
6.673006756668645956e+00
6.672364105318157712e+00
6.672371196539089944e+00
6.672873747280415380e+00
6.672632426730700672e+00
6.673002348516819282e+00
6.672084468404513302e+00
6.672611554652842614e+00
6.672755907990040924e+00
6.672326921840011416e+00
6.672660173289999719e+00
6.672339887879613407e+00
6.672379925981241300e+00
6.672661355040156117e+00
6.672605837326583966e+00
6.672842085632943565e+00
6.672753730933312255e+00
6.672354941388148220e+00
6.672298435243567027e+00
6.672536391910280251e+00
6.672547663443868515e+00
6.672715060579494484e+00
6.672502389795460509e+00
6.672410879977515918e+00
6.672314012916807258e+00
6.672625743604931436e+00
6.672327601352519899e+00
6.672195754653054145e+00
6.672410409191057212e+00
6.672305348817383575e+00
6.672630828528330227e+00
6.672658036863751363e+00
6.672771878013952218e+00
6.672603910476452072e+00
6.672847832091401976e+00
6.672153074594622701e+00
6.672756485565838780e+00
6.672868664833509378e+00
6.672488789652565089e+00
6.672803455700569764e+00
6.672397031663122036e+00
6.672584521596460760e+00
6.672924509478136201e+00
6.672501828453465400e+00
6.672868624667391835e+00
6.672324713210787017e+00
6.672833133791199245e+00
6.672595435892628934e+00
6.672636728987267674e+00
6.672613880579411294e+00
6.672779499853219498e+00
6.672880473123334433e+00
6.672675331482688321e+00
6.672493898120489320e+00
6.672621971323023260e+00
6.672682324468235393e+00
6.672426013363079278e+00
6.672643331086494989e+00
6.672369314488086900e+00
6.672431646431270735e+00
6.672559073495617277e+00
6.672818082515843408e+00
6.672949423681947323e+00
6.672383171394975498e+00
6.672215770956521297e+00
6.672433024874845131e+00
6.672649137620686233e+00
6.672428418548299156e+00
6.672114541316637393e+00
6.672507562774981693e+00
6.672441329119069842e+00
6.672430727623816615e+00
6.672510829294924228e+00
6.672636168311808724e+00
6.672448379678279196e+00
6.672315126893951565e+00
6.672322209616422306e+00
6.672624034983472896e+00
6.672734798871716499e+00
6.672508260501868627e+00
6.672925210787233219e+00
6.672860826804654089e+00
6.672562905689773949e+00
6.672464377754352860e+00
6.672885622818685469e+00
6.672725113936199826e+00
6.672404669450108905e+00
6.672703281426988653e+00
6.672385117503550234e+00
6.673102162649920288e+00
6.672641609346888103e+00
6.672599274110872614e+00
6.672463624834666263e+00
6.672614608102263922e+00
6.672813727625135805e+00
6.672202456495313960e+00
6.672457399501495523e+00
6.672666112129971516e+00
6.672129931370204936e+00
6.672810902463132798e+00
6.672473872774775216e+00
6.672613488406282656e+00
6.672418255580950586e+00
6.672438686056889168e+00
6.672857644651407405e+00
6.672278869091820219e+00
6.672617258899501635e+00
6.672911234177077766e+00
6.672162632769756740e+00
6.672802398037787519e+00
6.672823525067816064e+00
6.672410932893299673e+00
6.672810942434753478e+00
6.672666258561323893e+00
6.672542606219540318e+00
6.672686999673847374e+00
6.672087226892808864e+00
6.672218679260483398e+00
6.672272378271962623e+00
6.672555950075091502e+00
6.672444890070432066e+00
6.672622949608566501e+00
6.672594697462853830e+00
6.672637651944724801e+00
6.672623091820678809e+00
6.672594900055373479e+00
6.672601138837822354e+00
6.671972156923655639e+00
6.672906653681246247e+00
6.672600155352109041e+00
6.672507735237390492e+00
6.672988631246294489e+00
6.672139213443622374e+00
6.672280836058839704e+00
6.672800551657769752e+00
6.672230979119494698e+00
6.672555416960964436e+00
6.672627802259209595e+00
6.672825587169882944e+00
6.672244710943812329e+00
6.672532697673582369e+00
6.672427141786302585e+00
6.672126080485481836e+00
6.672133355355692075e+00
6.672711878232385097e+00
6.672527735010936212e+00
6.672842278867101129e+00
6.672749904058078663e+00
6.672306786177622406e+00
6.672924087260360793e+00
6.672419640388485007e+00
6.672274301658672080e+00
6.672862233273766819e+00
6.672427566671990995e+00
6.672062557206578148e+00
6.672581494872849461e+00
6.672141865493401269e+00
6.672675914492025129e+00
6.671901605095571064e+00
6.672265306422497488e+00
6.673084759586902059e+00
6.672575151334434906e+00
6.672380774375067602e+00
6.672639644017633209e+00
6.672469004653084568e+00
6.672112437933452433e+00
6.673050826392319834e+00
6.673092232030834126e+00
6.672548202962962804e+00
6.672463009120581212e+00
6.672231703972208550e+00
6.672238007910567426e+00
6.672133026932336897e+00
6.672478188266119936e+00
6.672565973223366420e+00
6.672625750495494223e+00
6.672782584877010592e+00
6.673180206784611990e+00
6.672210367585281965e+00
6.672718419747649676e+00
6.672515490267456606e+00
6.672827934002918404e+00
6.672618343365338767e+00
6.672691986780150408e+00
6.672680664836859066e+00
6.672343398508298051e+00
6.672712319905148348e+00
6.672586024864804344e+00
6.672656612113797792e+00
6.672486123011912795e+00
6.672733078698587228e+00
6.672220974327735199e+00
6.672600475232276729e+00
6.672366212224270399e+00
6.672734175089176212e+00
6.672519322246087903e+00
6.672369181498175372e+00
6.672762463661664256e+00
6.672353671556141563e+00
6.672755286962646970e+00
6.672476938665347745e+00
6.672848803860799372e+00
6.672338950147540082e+00
6.672655239449328590e+00
6.672937144592073544e+00
6.672609292144672466e+00
6.672905599615656769e+00
6.672826948249671375e+00
6.672621477946577784e+00
6.672896004656966085e+00
6.672878300953762221e+00
6.672593265339291868e+00
6.673125638187917374e+00
6.672440325926238813e+00
6.672467807033387821e+00
6.672882682056107129e+00
6.672933227478500484e+00
6.672804172494152475e+00
6.672536000267133005e+00
6.672448758504132549e+00
6.672363887631089341e+00
6.672352251161028924e+00
6.672486192673297012e+00
6.672325279719007796e+00
6.672580894604540624e+00
6.672193792912694654e+00
6.672204794609664091e+00
6.672526449440595364e+00
6.672623152836177240e+00
6.672702754139217873e+00
6.672579562505825734e+00
6.672475766135676167e+00
6.672830852229482801e+00
6.672916561572076688e+00
6.672666728055037133e+00
6.672189201230517952e+00
6.672387026774211805e+00
6.672467908940222792e+00
6.672682234109337251e+00
6.672281513677265963e+00
6.672337946458729796e+00
6.672866616540471973e+00
6.672513140609338755e+00
6.672592840690894533e+00
6.672706543744577168e+00
6.672889940503522688e+00
6.672249974449708354e+00
6.672554155759160111e+00
6.672487250352370225e+00
6.672645165762857822e+00
6.672740527091177043e+00
6.672832866507183880e+00
6.672386787824574839e+00
6.672389258938595802e+00
6.672651496247104852e+00
6.672850253950032062e+00
6.672250987951644063e+00
6.672619301135520153e+00
6.672640376037596077e+00
6.673089950590455288e+00
6.672472087764720783e+00
6.673172524231764768e+00
6.672991522214393179e+00
6.672336752880807964e+00
6.672213518598391957e+00
6.672671432383238788e+00
6.672892537699770088e+00
6.672865522220603474e+00
6.672535096846875291e+00
6.672940576361391152e+00
6.672470028051663782e+00
6.672797947321240208e+00
6.672103655651473453e+00
6.672755055355579223e+00
6.672469985418174154e+00
6.672843524747470667e+00
6.672500891442799897e+00
6.672753516230080173e+00
6.672454762080714197e+00
6.672558570744882900e+00
6.672593862742135506e+00
6.672691686541347700e+00
6.672853147047106859e+00
6.672700094788903691e+00
6.672756499046331058e+00
6.672548813775932786e+00
6.672757790215249507e+00
6.672952277195959070e+00
6.672266791293100852e+00
6.672740762113385848e+00
6.672429351273643228e+00
6.672456962671758696e+00
6.672625295968010128e+00
6.672628391962146743e+00
6.672309873484367770e+00
6.672364547174182370e+00
6.672754405068552330e+00
6.672648262078185510e+00
6.672608904319826451e+00
6.672479442096658886e+00
6.672715763493675567e+00
6.672732933632721242e+00
6.672374908507414659e+00
6.672551769945354039e+00
6.672698528100195148e+00
6.672795035589376589e+00
6.672310306266092006e+00
6.672163414169319573e+00
6.672357378809502748e+00
6.672529491051374606e+00
6.672515980381184875e+00
6.672304972195547634e+00
6.672310564174558145e+00
6.672652390287908908e+00
6.672449911177550597e+00
6.672674627260242630e+00
6.672528852023098089e+00
6.672141739825590889e+00
6.672636609485467218e+00
6.672403291366949318e+00
6.672634855844582269e+00
6.672462317811397092e+00
6.672328591844601142e+00
6.672829249100852955e+00
6.672592769838356475e+00
6.672692260137409015e+00
6.672416530731161366e+00
6.672694525036921398e+00
6.672714782295435576e+00
6.673247730888837381e+00
6.672088674371869921e+00
6.672407402134663990e+00
6.672629470827820874e+00
6.672856947583408527e+00
6.672747309554768691e+00
6.672423825983282875e+00
6.672334692713915771e+00
6.672648473785052659e+00
6.672324746550500230e+00
6.672654180871533391e+00
6.672876364204920030e+00
6.672462104907026514e+00
6.672405955335374728e+00
6.673021168328348018e+00
6.672882936728567138e+00
6.672715272359511118e+00
6.673022186321136751e+00
6.672474197848552890e+00
6.672635912372061995e+00
6.672212605558329734e+00
6.672722396057241490e+00
6.672852998032795746e+00
6.672602317956249252e+00
6.672402768932128581e+00
6.672773459791385697e+00
6.672496129950663324e+00
6.672305436783394939e+00
6.672617538834174411e+00
6.672931002796153699e+00
6.672465566521265323e+00
6.672270249529461239e+00
6.672855731136658974e+00
6.672635145839590720e+00
6.672769495844216969e+00
6.672500092099231672e+00
6.672199543678713596e+00
6.672731422025477421e+00
6.672532972497916326e+00
6.672633458880715907e+00
6.672594473719272834e+00
6.672753841150041332e+00
6.672671470920564119e+00
6.672124792582584618e+00
6.672544404199149959e+00
6.672828788471218076e+00
6.672901598912187815e+00
6.672405352576527449e+00
6.672584973085394111e+00
6.672963840141539649e+00
6.672895335302532871e+00
6.672386728394421596e+00
6.672865956568469592e+00
6.672058230555802716e+00
6.672635099884693943e+00
6.672165764607023597e+00
6.672546274025608959e+00
6.672326809006026593e+00
6.672246105098402325e+00
6.672663568308446536e+00
6.672560759967819166e+00
6.671920485998582784e+00
6.672395662906119185e+00
6.672986818576100987e+00
6.672474881507540090e+00
6.672287329124404032e+00
6.672494258870058204e+00
6.672705108811137542e+00
6.672704509681269158e+00
6.672859092507055223e+00
6.672409549272233953e+00
6.672491633812885681e+00
6.672474076680310340e+00
6.672692767405245640e+00
6.672507069540953850e+00
6.672426701960735507e+00
6.672316963576997217e+00
6.672405139656636841e+00
6.672897999289479465e+00
6.672221598980963009e+00
6.672621205477381245e+00
6.672553156149428233e+00
6.672812686310108710e+00
6.672680844464038863e+00
6.672047629956804116e+00
6.672347473278655627e+00
6.672784537113383152e+00
6.672254062761725280e+00
6.672443534642559904e+00
6.672565584149772633e+00
6.672643751667792777e+00
6.672633796921587646e+00
6.672500690695831516e+00
6.672695184523197653e+00
6.672476229190126951e+00
6.672337771206881207e+00
6.672921653469638947e+00
6.672678923530876105e+00
6.672694789655398750e+00
6.672543131944459915e+00
6.672692522382968505e+00
6.672540497126396630e+00
6.672950674938375570e+00
6.672510198795309933e+00
6.672303455381559445e+00
6.672234196757978353e+00
6.672095875237742391e+00
6.673217000250213360e+00
6.672294427211818757e+00
6.672443465364216841e+00
6.673058815706175650e+00
6.672644620408553884e+00
6.672720034286758306e+00
6.672478306657668945e+00
6.672195750968058725e+00
6.672513226011427712e+00
6.672461026837133602e+00
6.672539325238628471e+00
6.672553882515646073e+00
6.672860782375231281e+00
6.672652123003802949e+00
6.672344864901903705e+00
6.672665952204954287e+00
6.673099705377433466e+00
6.672005760718175083e+00
6.673100976212956503e+00
6.672551100577843286e+00
6.672581760710232679e+00
6.672546489236275136e+00
6.672504795836530000e+00
6.672423581748117449e+00
