6.673374280617982990e+00
6.673739677132010328e+00
6.674136730965320119e+00
6.673120503300344453e+00
6.673868332375172407e+00
6.673776303305651858e+00
6.673676140834790438e+00
6.674571526019401624e+00
6.674321152152535852e+00
6.673700939118714537e+00
6.673489910040125039e+00
6.673754285595006941e+00
6.674478055869109028e+00
6.673818042519916283e+00
6.672638225821384772e+00
6.673717168959159451e+00
6.675009181160464600e+00
6.674452219753781002e+00
6.672835979131126471e+00
6.674856355257552387e+00
6.674485587305029277e+00
6.673744076615634846e+00
6.674177313099430187e+00
6.675246201943801694e+00
6.673913702027582495e+00
6.674949221615119832e+00
6.673181221662416895e+00
6.673887125778423801e+00
6.674416629736003692e+00
6.675168808162093903e+00
6.674359583287918340e+00
6.673826814386437434e+00
6.673794543362867593e+00
6.674263161021106505e+00
6.675156891731615971e+00
6.674632570886688043e+00
6.675629228504714519e+00
6.673652362761972157e+00
6.673938029328180477e+00
6.674617089564591765e+00
6.674718864569456400e+00
6.675586078588355399e+00
6.673507371704494595e+00
6.673566942793129897e+00
6.674361437687277743e+00
6.675841332365600955e+00
6.674590197029757199e+00
6.674129797876837245e+00
6.674776921732718193e+00
6.675350086629504354e+00
6.674371776246112553e+00
6.674995421977226506e+00
6.674346303366104571e+00
6.674196122500164030e+00
6.672698130021046836e+00
6.673889778934606554e+00
6.675698619982818549e+00
6.673698318252895945e+00
6.672889213075214876e+00
6.672399531139689088e+00
6.673835187751917530e+00
6.673842709125340278e+00
6.673866758358050433e+00
6.674581338093235949e+00
6.674373708259426330e+00
6.675096354494946205e+00
6.673779411288863983e+00
6.674175947611586501e+00
6.674076297163436422e+00
6.672750027675438567e+00
6.673897529915905125e+00
6.673833847214350357e+00
6.673129117526952925e+00
6.673459225677668805e+00
6.673461146385928799e+00
6.674460069139773744e+00
6.674054401505892464e+00
6.674298324383022951e+00
6.674431480826197749e+00
6.672222166909953067e+00
6.674942004015774089e+00
6.674240401911392340e+00
6.673521252850515673e+00
6.674242637615511065e+00
6.673700943899862459e+00
6.674650377045407978e+00
6.672658211429311592e+00
6.673850472444803117e+00
6.674148972589423856e+00
6.673618972396806015e+00
6.673846434819176388e+00
6.673430402708132370e+00
6.673833435767678068e+00
6.673153760862054362e+00
6.673036647441485947e+00
6.674856908748856732e+00
6.673680146010782188e+00
6.674870253695011968e+00
6.674444683546553847e+00
6.672994520726093448e+00
6.673857634671838568e+00
6.674828907903479269e+00
6.672809491998235032e+00
6.673805907869586385e+00
6.674801311237480661e+00
6.673860743468186030e+00
6.673623695979222781e+00
6.673327559792686436e+00
6.673912709967185997e+00
6.673959983663974249e+00
6.673590430900592452e+00
6.674899975241330274e+00
6.675040937565491994e+00
6.675642963106404260e+00
6.674352231447707062e+00
6.674261728545286765e+00
6.674550791959196872e+00
6.675145525375048017e+00
6.675075654547770299e+00
6.673567547588262094e+00
6.673572527410058797e+00
6.673683969632774549e+00
6.672638860281202788e+00
6.674568671053224378e+00
6.673908630373670547e+00
6.674131148160139304e+00
6.673634978832017950e+00
6.672964815429732077e+00
6.675096440066821124e+00
6.674400912691945464e+00
6.674376888085674864e+00
6.675374228825170064e+00
6.674657693428520666e+00
6.674233699274929599e+00
6.674415754244806820e+00
6.673404195529867522e+00
6.673477145809235900e+00
6.675256597478767873e+00
6.675101108060831123e+00
6.673946414820374429e+00
6.674583323964930592e+00
6.674691783818380131e+00
6.673321929208555936e+00
6.674976970612569893e+00
6.674179025817306155e+00
6.674268340019686718e+00
6.674526122167853792e+00
6.674871803224325717e+00
6.673757687194478372e+00
6.672890959979386416e+00
6.673018717124174159e+00
6.674913661959362976e+00
6.674525259682469347e+00
6.672390780627829976e+00
6.672460100845707842e+00
6.674481998398249516e+00
6.673354682945880079e+00
6.673805163918337335e+00
6.674214803960438758e+00
6.673621008202256455e+00
6.673279486846796615e+00
6.675199182696563760e+00
6.674791451775232254e+00
6.673701528554220275e+00
6.674412017269549580e+00
6.673644448785140071e+00
6.673541021257960004e+00
6.673891794906585240e+00
6.673928827746588688e+00
6.674332234250647033e+00
6.673273460143517966e+00
6.674524003711415965e+00
6.674778078749821653e+00
6.672422791678529030e+00
6.675497654011463666e+00
6.673247705519232298e+00
6.673334176384353889e+00
6.673263639236528988e+00
6.674032037675666551e+00
6.672238547402620235e+00
6.673683494165798535e+00
6.674902407664854209e+00
6.672209684285978604e+00
6.674362364137962800e+00
6.673956731974598711e+00
6.673690289920349628e+00
6.673362190828877161e+00
6.673852332588699809e+00
6.673566801763608503e+00
6.675080224686976926e+00
6.672934304213296031e+00
6.672571836950323743e+00
6.674256440222895215e+00
6.674318300382972247e+00
6.674792550182047535e+00
6.673777153505200843e+00
6.672845153519850747e+00
6.674488850125039008e+00
6.675011077773435275e+00
6.674751382134745725e+00
6.673906257209726078e+00
6.673485943871117598e+00
6.673305889655448020e+00
6.674228540369724350e+00
6.674075245849843796e+00
6.674611654914175851e+00
6.673611774511264194e+00
6.673270212042755389e+00
6.673604031643920464e+00
6.673023859667461366e+00
6.674861617147485937e+00
6.673617143018286235e+00
6.674492274168295047e+00
6.674352236184703635e+00
6.674744460520631861e+00
6.672877734322416821e+00
6.674182364904774012e+00
6.674563536335219815e+00
6.674003877442725496e+00
6.674342392034978921e+00
6.673665912522759314e+00
6.673226630516863267e+00
6.675172052154456637e+00
6.674128632456869603e+00
6.673112340779881357e+00
6.674073638338312797e+00
6.673893569050680874e+00
6.673618384274062620e+00
6.674226334823258000e+00
6.674703727228015637e+00
6.674390011756944574e+00
6.673749327633264450e+00
6.674054627710297893e+00
6.674088310253656786e+00
6.673171721915198695e+00
6.674111860784131878e+00
6.674696512316405261e+00
6.674833174791279689e+00
6.673365115861503938e+00
6.673662920451363334e+00
6.674924891043882091e+00
6.674102379665682427e+00
6.674696627229984358e+00
6.674003829148810851e+00
6.674424647210635442e+00
6.674055072441917424e+00
6.673964850011119054e+00
6.673567847854463331e+00
6.674150616806784342e+00
6.673417365332562134e+00
6.674679489062596893e+00
6.674217234286431655e+00
6.674747203908780513e+00
6.673817418445695537e+00
6.672674697705055280e+00
6.673245330107851814e+00
6.673944177196120542e+00
6.673552584830077627e+00
6.673572010856112513e+00
6.674734018201427865e+00
6.674839553545992565e+00
6.673977064088806088e+00
6.673229900185212671e+00
6.674717206464833907e+00
6.674074958195960861e+00
6.674734047194227138e+00
6.673866861978774878e+00
6.674495167599375556e+00
6.674522458478992171e+00
6.673716704218017881e+00
6.674164411030004018e+00
6.674115478126071643e+00
6.674811792501311736e+00
6.674065459895824226e+00
6.673575632112531686e+00
6.672742839854952202e+00
6.673327407749114037e+00
6.674642534577048814e+00
6.674398100707916726e+00
6.674250026845243156e+00
6.673593934568819996e+00
6.673917746526393024e+00
6.673497674915248368e+00
6.675158400327033448e+00
6.673021362956477631e+00
6.672943079709768632e+00
6.674069345702076994e+00
6.673498088125958461e+00
6.673404922289763341e+00
6.673921368470679738e+00
6.674298506318399937e+00
6.674775227022930579e+00
6.674369049645389573e+00
6.674399136682613864e+00
6.673808639033119050e+00
6.673349570374661255e+00
6.673991017607500353e+00
6.674222309291948818e+00
6.675028946885568359e+00
6.673667392414636801e+00
6.674298448259203376e+00
6.674507828240110463e+00
6.673864226389380150e+00
6.673293585168504016e+00
6.673618308435142588e+00
6.673522503072440770e+00
6.673746881659009311e+00
6.673981910975576248e+00
6.673888847023065729e+00
6.673106201624024791e+00
6.674664008928566261e+00
6.674042305916927376e+00
6.674370583780812716e+00
6.674241752322075172e+00
6.674600977221389897e+00
6.674220064977711253e+00
6.675953592971078265e+00
6.674036136348435733e+00
6.673808884104277972e+00
6.674356447002047332e+00
6.674610930150193688e+00
6.674986838829481961e+00
6.672706521510537669e+00
6.675217504260079870e+00
6.674029813741764627e+00
6.675183891847914275e+00
6.673115131634477670e+00
6.674209230150418115e+00
6.674528525945051527e+00
6.673000563788927586e+00
6.675103361928567125e+00
6.674273263838734316e+00
6.673826187613950189e+00
6.674232385683177782e+00
6.673458689031598112e+00
6.673447356095774552e+00
6.675088558627311208e+00
6.674959919702854627e+00
6.673390467754122035e+00
6.674321543296446002e+00
6.673043374187390242e+00
6.673490967356312531e+00
6.675005244538782634e+00
6.673291184095004880e+00
6.674328181643883084e+00
6.673145093545786999e+00
6.674595815200056848e+00
6.673836684224777827e+00
6.673075548393722300e+00
6.674321839703196702e+00
6.673981762255102090e+00
6.673633496769017626e+00
6.672526763785016080e+00
6.674653759125773966e+00
6.674080396951130645e+00
6.673815416365506792e+00
6.674208928389399276e+00
6.674183426011707887e+00
6.673434303775599652e+00
6.673332120524102962e+00
6.674048468652380883e+00
6.673316268255423900e+00
6.675037566942032541e+00
6.674511801461105343e+00
6.674349400056827086e+00
6.673557186517937723e+00
6.675021537405660510e+00
6.674363341412758999e+00
6.672442803351795959e+00
6.673885435395827237e+00
6.674201273437850190e+00
6.674668252455899342e+00
6.672833078479390778e+00
6.674561923727736712e+00
6.674783087610581589e+00
6.675086919540975217e+00
6.674502920040624510e+00
6.672663410434420683e+00
6.673823187075364594e+00
6.676141843832154699e+00
6.672563450260457607e+00
6.673469263662577866e+00
6.673786932103341840e+00
6.673741364467333348e+00
6.674886859299206776e+00
6.672799503380629105e+00
6.673666458559440073e+00
6.673851306238295145e+00
6.672280721603755183e+00
6.673687339566165555e+00
6.675243519792640967e+00
6.673030576310273077e+00
6.673291611274215995e+00
6.673692039383539942e+00
6.673835217444507251e+00
6.674894379994988469e+00
6.673943539879997111e+00
6.673021351839294901e+00
6.675168802184034078e+00
6.672782913118988191e+00
6.672743812521297890e+00
6.673494078859390832e+00
6.675090177348648623e+00
6.674817019003668861e+00
6.674067016323069979e+00
6.674506939342931489e+00
6.674834484569280413e+00
6.673626895388652613e+00
6.673641860578617191e+00
6.673790069930718438e+00
6.674719097403104762e+00
6.673123945202947382e+00
6.673443501846020531e+00
6.673680196166493772e+00
6.673809220320315205e+00
6.674099810085736273e+00
6.674098023685823833e+00
6.673408802294750863e+00
6.672122479897509173e+00
6.673763557710031158e+00
6.676063922742250689e+00
6.674360077837017791e+00
6.673705622820144789e+00
6.674433244465026505e+00
6.675800297575479547e+00
6.672997036628355971e+00
6.674816573710248946e+00
6.674307176656591345e+00
6.674322947858319921e+00
6.673277589176393576e+00
6.673967181930480663e+00
6.674760527796974152e+00
6.673579241494263847e+00
6.674099304453285697e+00
6.673891441021970294e+00
6.673803010921623091e+00
6.673983747625430674e+00
6.672876701153448664e+00
6.675181510933185791e+00
6.674772059815881953e+00
6.674161666322236286e+00
6.673975995543798057e+00
6.673447086464376454e+00
6.673743595933870232e+00
6.674778278037036827e+00
6.675049282380486559e+00
6.675358838203967693e+00
6.673701875076334389e+00
6.674419831737831821e+00
6.673731730790611216e+00
6.673484165714847371e+00
6.674852663466070979e+00
6.673976487860405982e+00
6.674458169411108699e+00
6.674119441683719067e+00
6.673765581009755365e+00
6.673848625824285286e+00
6.673760465257586816e+00
6.673953099992566251e+00
6.672968245421730948e+00
6.673003827949205657e+00
6.672850287795836444e+00
6.674838284663830557e+00
6.674011560187985026e+00
6.674196197938571551e+00
6.674235228685577503e+00
6.674502764784712383e+00
6.673058685169922732e+00
6.675113808996131048e+00
6.675030172727820954e+00
6.674134919778744290e+00
6.673889820383807070e+00
6.674621231798107956e+00
6.673193104762854766e+00
6.674513646986388160e+00
6.674104129942389108e+00
6.673782539497587152e+00
6.673769577771177630e+00
6.673123776868596480e+00
6.674882597663883921e+00
6.673384991035038460e+00
6.672944883663565641e+00
6.673182208517490999e+00
6.674294868688145144e+00
6.673950018596303657e+00
6.673453030402657582e+00
6.675324865586156342e+00
6.673732572618152226e+00
6.674958390960822996e+00
6.673752772089747154e+00
6.673500638359819881e+00
6.675444040236165222e+00
6.672879274450966847e+00
6.672127478003971213e+00
6.673458341839231700e+00
6.673931219694980932e+00
6.675041136979015022e+00
6.674818890386196024e+00
6.674610719143926119e+00
6.673248070939273191e+00
6.672797788826692056e+00
6.674124794710349917e+00
6.673694657330022650e+00
6.673565334835543261e+00
6.674744949012739070e+00
6.673490104018092950e+00
6.674766564880656894e+00
6.675174448678419026e+00
6.672795137931504250e+00
6.673918182826192869e+00
6.672976309579354393e+00
6.673694701741399449e+00
6.673152025943811516e+00
6.672861236987589706e+00
6.673283024545265008e+00
6.674962735593907404e+00
6.673829192367394469e+00
6.673914940091672854e+00
6.673631347981563877e+00
6.674233699263138142e+00
6.673331026010857592e+00
6.673563772996349286e+00
6.673344427864448036e+00
6.674488045123712077e+00
6.674472623517331726e+00
6.674405242821973339e+00
6.674226251786187447e+00
6.673447569086451203e+00
6.673489212629230671e+00
6.673124244099604141e+00
6.674901025809822919e+00
6.673626127831913557e+00
6.674529145184753709e+00
6.673447263390216655e+00
6.673795519851478453e+00
6.674141875233709165e+00
6.674384954173558704e+00
6.673328617265142704e+00
6.673644668969020977e+00
6.673473639898128695e+00
6.673014126475104391e+00
6.675075881623317109e+00
6.673063482982048100e+00
6.673526297236918481e+00
6.674216266575876411e+00
6.673335631907725940e+00
6.673921741611545499e+00
6.674445405599270131e+00
6.674815334456224214e+00
6.674267027961303889e+00
6.673087844955007952e+00
6.674204412363735628e+00
6.672547257340769811e+00
6.673725887900519460e+00
6.672942636740677891e+00
6.673739311391680751e+00
6.673386453251392680e+00
6.674366539432178058e+00
6.674177005367574189e+00
6.673252646073545513e+00
6.673943617771070258e+00
6.674120342239602266e+00
6.673724910698744850e+00
6.674276458625825192e+00
6.674479650965392530e+00
6.673934462959716818e+00
6.673015214330508371e+00
6.673386459020539618e+00
6.674021454451700919e+00
6.673787773409193491e+00
6.673918699141951016e+00
6.673537511975393244e+00
6.673279480975848443e+00
6.675135425670220890e+00
6.673696386002301750e+00
6.674398017497040314e+00
6.674891907726893336e+00
6.673521116230185513e+00
6.673967842335877698e+00
6.674848368255782205e+00
6.674548049927339299e+00
6.673252315155543180e+00
6.674518441139718483e+00
6.673765196355243567e+00
6.672790863039705478e+00
6.674474960652412747e+00
6.673493246058786355e+00
6.672473840233057452e+00
6.673604447660721917e+00
6.674307632905583709e+00
6.673832500730673800e+00
6.673776412504217603e+00
6.674439342215229942e+00
6.674304480277782226e+00
6.674854782359561867e+00
6.673172784861301388e+00
6.674294041062504235e+00
6.673493493181015701e+00
6.673687705838823092e+00
6.673940770455130789e+00
6.674021402335855058e+00
6.673809876375754513e+00
6.674108074157260262e+00
6.673882368103833507e+00
6.673982188711109487e+00
6.673505029625453666e+00
6.675373296713879689e+00
6.674105201928425046e+00
6.673446719305938579e+00
6.674448230178170682e+00
6.673294333311293514e+00
6.673028020671693206e+00
6.674339990122361677e+00
6.673626096416463760e+00
6.673517944139770286e+00
6.673720750090208931e+00
6.674046292596832686e+00
6.672844556994524723e+00
6.674148623215708120e+00
6.674253510746352980e+00
6.673033469081882885e+00
6.673644619568251279e+00
6.673602801337437995e+00
6.674878625237544938e+00
6.674099012597023872e+00
6.673134698432011902e+00
6.674730991671276925e+00
6.673682089551703278e+00
6.674253905945572996e+00
6.674873139131974220e+00
6.673482369721071450e+00
6.672743975544269013e+00
6.674280292148228710e+00
6.673696119638320212e+00
6.674336817118732945e+00
6.674625901276819206e+00
6.674431851241489966e+00
6.673871668103368293e+00
6.673183693372158665e+00
6.673584594517345536e+00
6.674040016103680806e+00
6.674638573577428957e+00
6.674927312552366487e+00
6.674433090050514217e+00
6.674624901958622125e+00
6.672209854056673883e+00
6.674014179576775341e+00
6.674843387524219018e+00
6.674020775014263940e+00
6.674552425880559525e+00
6.674902617190779708e+00
6.673437900732576367e+00
6.673156816108676281e+00
6.673620389773184058e+00
6.674206666738886184e+00
6.673066448441389298e+00
6.673676731073220125e+00
6.675172528963433827e+00
6.673809674442293449e+00
6.673231139609163698e+00
6.674093773835381604e+00
6.673925558520286572e+00
6.674236654534455582e+00
6.673593567280923011e+00
6.673534264223931700e+00
6.673627834451572483e+00
6.673028371347860421e+00
6.674401883298501481e+00
6.673276234125912865e+00
6.673346475288309598e+00
6.672844660203071321e+00
6.674947227047383080e+00
6.674565863758082251e+00
6.673481231777791400e+00
6.675054729022448896e+00
6.674466874218304646e+00
6.673996677751367734e+00
6.673103787829427702e+00
6.674617542862013586e+00
6.674849327036438851e+00
6.673631918238739580e+00
6.674394052489316387e+00
6.674205392070919451e+00
6.673752538573371140e+00
6.674531919189226947e+00
6.674425722924711479e+00
6.673338169504376971e+00
6.674812060976963224e+00
6.673369997453859170e+00
6.674225969686917281e+00
6.673614904253191149e+00
6.673989054054263015e+00
6.674809571962972754e+00
6.674591959714446965e+00
6.674460383737391034e+00
6.673687605810869172e+00
6.674858562958346120e+00
6.673382509334284229e+00
6.674918002103794379e+00
6.674828236617988075e+00
6.673332698804292029e+00
6.672757605896793898e+00
6.674680725388652647e+00
6.674438907831079959e+00
6.675440583480472867e+00
6.674394032487862560e+00
6.673655488205016084e+00
6.675014355497818741e+00
6.673917476290792905e+00
6.673055949400608533e+00
6.674310672682557843e+00
6.673742422152955101e+00
6.673640923732643060e+00
6.674432385653919830e+00
6.674027554198377565e+00
6.672504703374046997e+00
6.674230358401146646e+00
6.674536586432644469e+00
6.674896301980797197e+00
6.674251578838342525e+00
6.673928655173791746e+00
6.673185868726815961e+00
6.673950692092469161e+00
6.672861407149966340e+00
6.673650999110812165e+00
6.674347603824138275e+00
6.675055212903481028e+00
6.674091705753228965e+00
6.673889782534849324e+00
6.674238218556121538e+00
6.673962744192968977e+00
6.674200476324993581e+00
6.674921459246479394e+00
6.673947413806414097e+00
6.674345071025080678e+00
6.674647154401505134e+00
6.675214118295310861e+00
6.673693000947552356e+00
6.673400407935935696e+00
6.674489207043770023e+00
6.673976716716575552e+00
6.673899147121995057e+00
6.674885658404357436e+00
6.675562180366486409e+00
6.673487497527480272e+00
6.673598533810991995e+00
6.673322161901997340e+00
6.672475057458972181e+00
6.673391034679255540e+00
6.673682434919576245e+00
6.673124556559551834e+00
6.673582965280000501e+00
6.673345969375406916e+00
6.673838891210320590e+00
6.674166858860411722e+00
6.674040216087683497e+00
6.673886534619962063e+00
6.674977397032460402e+00
6.675411869204828541e+00
6.672954516098220878e+00
6.672862242431439661e+00
6.675006680612642462e+00
6.674315814427107973e+00
6.674102144556557370e+00
6.674180699308935871e+00
6.673968047883837684e+00
6.674786404383955762e+00
6.673695692407714652e+00
6.674676572892145110e+00
6.673691775228981271e+00
6.674740315788564082e+00
6.674105431734143501e+00
6.673919434632763270e+00
6.674342703415191203e+00
6.674400681021408488e+00
6.674953436581047228e+00
6.674393858552545744e+00
6.673782689353927822e+00
6.674059909412825675e+00
6.673783520649805290e+00
6.673733430898491470e+00
6.674521533612843172e+00
6.673686720264955241e+00
6.672222011791939522e+00
6.673877558429644807e+00
6.673598708782424005e+00
6.674559132503794956e+00
6.674106124262645601e+00
6.674366592349729288e+00
6.674015223610337166e+00
6.673697331884228312e+00
6.674955105604403194e+00
6.674291585649847924e+00
6.674785654288926118e+00
6.674092227495243002e+00
6.675281847538149904e+00
6.674289979714037813e+00
6.674335521975614860e+00
6.674159782641991612e+00
6.674226389038668827e+00
6.672881761152119395e+00
6.674295524716799655e+00
6.673458784931599830e+00
6.672874064012062512e+00
6.674643857118630841e+00
6.673974858243329145e+00
6.673977606298278964e+00
6.673394235775222505e+00
6.672700714417447720e+00
6.673789582517085428e+00
6.675884681819132638e+00
6.675195266529966531e+00
6.674338564108120764e+00
6.674657771782923632e+00
6.672665252201433361e+00
6.674291531550702317e+00
6.673968396013415294e+00
6.674324822795217216e+00
6.675903293657233561e+00
6.673679304820148595e+00
6.674537636148053288e+00
6.674710633865733378e+00
6.675188102762406039e+00
6.673182482550364725e+00
6.674311113711954846e+00
6.673759217418369083e+00
6.672838306534171871e+00
6.673870339748346758e+00
6.673609960685440434e+00
6.673574859936395320e+00
6.673841951103784531e+00
6.674551952125439058e+00
6.673761031430050394e+00
6.674731274721990459e+00
6.673986390770020982e+00
6.673415408829011852e+00
6.674162803723856285e+00
6.673827947866554311e+00
6.674897035317036931e+00
6.673726887484824566e+00
6.673077775376968113e+00
6.672487204364211166e+00
6.673397532695889645e+00
6.674028027570661159e+00
6.674497124264054726e+00
6.674734538147727214e+00
6.674223674000356432e+00
6.674258004155155355e+00
6.673626069548587836e+00
6.672418705615880796e+00
6.674140947791461720e+00
6.674716132626924647e+00
6.673391081787546142e+00
6.672973338033462376e+00
6.674250146459616673e+00
6.673975210092040200e+00
6.673748750996724155e+00
6.673962637383727525e+00
6.673984366758274334e+00
6.673827975349176711e+00
6.674395569023312547e+00
6.674439140139297955e+00
6.674071020372342566e+00
6.674807131589353126e+00
6.673927115670732491e+00
6.672339031384790786e+00
6.673181351139327866e+00
6.674484796387130103e+00
6.674281321218551000e+00
6.673644885016548400e+00
6.673843276465498242e+00
6.674567184238760831e+00
6.673830888103271519e+00
6.673150844070140586e+00
6.674037459695397523e+00
6.673999912347945873e+00
6.673468861513849326e+00
6.673382952150449299e+00
6.675144190663662158e+00
6.673524140858383191e+00
6.673885103003075692e+00
6.674326779435127754e+00
6.673837192976278310e+00
6.674100269915916428e+00
6.673130967458305918e+00
6.674260125329666060e+00
6.674794723412137643e+00
6.674225432029197158e+00
6.674014326253542961e+00
6.675233642142905488e+00
6.674321428041626980e+00
6.674547057228609859e+00
6.674268584475282928e+00
6.675505978305805499e+00
6.673716842782196679e+00
6.673670243264623991e+00
6.673366590161409206e+00
6.674516768769938935e+00
6.675138518604690319e+00
6.674455812277758859e+00
6.673427520452209549e+00
6.673350849555724551e+00
6.673326237524062066e+00
6.673762152632471079e+00
6.674879478620066031e+00
6.672761419581491715e+00
6.674763803343889634e+00
6.673639049250396305e+00
6.672946348198483868e+00
6.673886196903644930e+00
6.674618313462342023e+00
6.674302618268399101e+00
6.674346762107554731e+00
6.674284378391649675e+00
6.673263882482642906e+00
6.674470186556271223e+00
6.674108534473924159e+00
6.674004221255882108e+00
6.673123436731151159e+00
6.675265070420605795e+00
6.674693144304002068e+00
6.674647542275524259e+00
6.674195054500201785e+00
6.673690226818195015e+00
6.673388008686367279e+00
6.675020616815299235e+00
6.674054639834573699e+00
6.673697331549366396e+00
6.672928039918727627e+00
6.673603171723149430e+00
6.672311335966590207e+00
6.674537332648524668e+00
6.673306312915496363e+00
6.673954946115903120e+00
6.673480785029085816e+00
6.673760557264537319e+00
6.673599762200139729e+00
6.673215429911055097e+00
6.674649112469688284e+00
6.674827811141403444e+00
6.672802073488524499e+00
6.676516738413956986e+00
6.674271110185876488e+00
6.673980771356952779e+00
6.674481425298039561e+00
6.674546991651317818e+00
6.674546945012330035e+00
6.674016476492274030e+00
6.673621053949671200e+00
6.674278456729727083e+00
6.673324068219144145e+00
6.673359886732951551e+00
6.674197031921570655e+00
6.673050714737566835e+00
6.674074589045916106e+00
6.674407977481730647e+00
6.672931175648854740e+00
6.673890138892955903e+00
6.673705277806030622e+00
6.675023382527629501e+00
6.674895470189432523e+00
6.674336541635054409e+00
6.674955765338427938e+00
6.673641164121301372e+00
6.674738586547242392e+00
6.674784511377293228e+00
6.674823760343549850e+00
6.673789451833672892e+00
6.673437115949877985e+00
6.673769471129494590e+00
6.674003526929304542e+00
6.673446984489031841e+00
6.673452059408215398e+00
6.674678733737579250e+00
6.673220596360165402e+00
6.673180689502083318e+00
6.674528068511920154e+00
6.673486639135758125e+00
6.673294843955085653e+00
6.673357922443000412e+00
6.673382642605581339e+00
6.675216846177725927e+00
6.673600455673971865e+00
6.674087801606717107e+00
6.673664333996255138e+00
6.673234941510290064e+00
6.673403946728551084e+00
6.673883990941355648e+00
6.673916069148686070e+00
6.674284355778911326e+00
6.675205656749944261e+00
6.673166802677312326e+00
6.673527718325601654e+00
6.673401325368822690e+00
6.673416456653884943e+00
6.675439383313485742e+00
6.674561843170589981e+00
6.673835830035443450e+00
6.675075464213910514e+00
6.672702031898225528e+00
