6.674398705372405871e+00
6.670748379856449084e+00
6.671524736138231049e+00
6.671822030569482642e+00
6.670835230256616732e+00
6.671860879084875684e+00
6.671737590025328402e+00
6.672102165571623722e+00
6.671679173982581368e+00
6.669986360854616159e+00
6.670257247935744260e+00
6.670939081375291124e+00
6.670092111183848260e+00
6.670899830237147832e+00
6.671568603689873811e+00
6.672525496895671537e+00
6.671482281743863929e+00
6.672444329919692940e+00
6.671589018623212297e+00
6.672427710148840063e+00
6.670698140152889088e+00
6.672632947478158272e+00
6.671958513319705908e+00
6.673078208925798727e+00
6.670061021432775128e+00
6.672185520908602285e+00
6.672778687240434436e+00
6.673749746553165885e+00
6.672855668782567307e+00
6.671804004901095375e+00
6.672494543059387162e+00
6.672580666375266034e+00
6.672173020888422457e+00
6.670914055146436539e+00
6.671405820510844187e+00
6.671831650012364889e+00
6.672321012424944797e+00
6.670975063824532647e+00
6.673389182829235544e+00
6.671802582414837701e+00
6.671542192169159335e+00
6.671987809931294144e+00
6.673129728690907037e+00
6.672807339623038736e+00
6.672375894748685532e+00
6.671892138787429261e+00
6.672932016269045086e+00
6.671473159545397991e+00
6.671980359824802420e+00
6.672441006709552092e+00
6.671222260858042929e+00
6.672306638108360666e+00
6.672351642738330924e+00
6.671122756764481743e+00
6.672092732791171876e+00
6.671391049415642094e+00
6.670797579278984202e+00
6.672264792154397384e+00
6.672874448081031140e+00
6.671385507604782106e+00
6.671477412331674017e+00
6.673104755513647568e+00
6.672128620273572785e+00
6.669889001619655033e+00
6.669844100904969153e+00
6.672037058674567866e+00
6.671028484080139265e+00
6.672454273075090647e+00
6.672123475334406528e+00
6.672946834989220477e+00
6.672721040368493561e+00
6.672364376967960808e+00
6.671621772255755367e+00
6.671247520927598984e+00
6.670743595017120775e+00
6.672670196283259081e+00
6.671540591889531413e+00
6.672938137695704874e+00
6.671832546439118161e+00
6.671055486462450723e+00
6.671159564163389177e+00
6.672683449020700763e+00
6.670167868218767282e+00
6.672367243460086250e+00
6.670887421001284956e+00
6.673262588877248547e+00
6.670362939302927785e+00
6.672298504479904580e+00
6.672201178023969170e+00
6.671306129626592529e+00
6.671799025797593430e+00
6.672743823737524060e+00
6.671432836473820238e+00
6.671456321645317544e+00
6.673142033438301368e+00
6.672044862571993917e+00
6.673034048178849709e+00
6.670819121232328008e+00
6.672116142059714150e+00
6.672456363400346646e+00
6.670480115992617698e+00
6.671474141422984339e+00
6.673302938370138548e+00
6.672900140388114743e+00
6.673153347123607304e+00
6.672066676095355753e+00
6.670611010339788649e+00
6.672202473300133718e+00
6.672529685096118435e+00
6.671924117007066890e+00
6.672026981118110989e+00
6.671299854601527635e+00
6.671011111984778807e+00
6.670560288333480692e+00
6.671128624688506648e+00
6.671156228618866812e+00
6.672286592070450162e+00
6.672450786283333102e+00
6.672556908147666554e+00
6.672728508251124069e+00
6.673736105287474629e+00
6.671451096894997157e+00
6.672377996136873435e+00
6.671967271937987221e+00
6.671754202687298019e+00
6.672610448375788650e+00
6.672090275345790467e+00
6.672989069554797759e+00
6.672856930820048049e+00
6.670844305356479431e+00
6.671962672890640711e+00
6.673625329135764339e+00
6.670690384562647957e+00
6.671636173465950392e+00
6.672616015715138182e+00
6.671820097252048498e+00
6.671331023252298209e+00
6.670842059741291408e+00
6.670914062954904189e+00
6.670699205802596232e+00
6.672538276785560996e+00
6.674170539121104362e+00
6.670594242640254024e+00
6.671672311273628253e+00
6.673817396772976807e+00
6.672651683196738404e+00
6.671929713361782532e+00
6.670277607700918487e+00
6.671990358158606860e+00
6.670824467750236408e+00
6.672356621020738565e+00
6.672843932474268769e+00
6.670525068635696719e+00
6.670048014366249056e+00
6.671523838632398729e+00
6.672447876618332607e+00
6.670629799143742211e+00
6.672260440268152237e+00
6.672950763195443002e+00
6.671135249412555090e+00
6.674086547548149007e+00
6.673096243810038963e+00
6.671374001381700225e+00
6.671505344568575246e+00
6.672579727270450789e+00
6.671434022511630424e+00
6.670974673486862017e+00
6.672991238793178681e+00
6.671942902888842397e+00
6.672970030862497737e+00
6.673285409010758507e+00
6.671348762329103899e+00
6.671216767819112547e+00
6.671366529906691767e+00
6.672186748956541180e+00
6.670475737321024390e+00
6.671398491818897547e+00
6.672927573453065087e+00
6.672144706846016682e+00
6.671662657100863925e+00
6.672151627833327048e+00
6.672434342615796155e+00
6.672276142334514937e+00
6.670927260739714093e+00
6.672127791113363848e+00
6.670896565084689200e+00
6.668856817943340509e+00
6.670489688291949548e+00
6.672472372364673276e+00
6.673248531519446303e+00
6.674455227235232435e+00
6.671226421688431607e+00
6.671356780506621398e+00
6.669554986555190190e+00
6.671404638685129562e+00
6.670623164581193976e+00
6.672189786237488818e+00
6.671501548347325006e+00
6.673042404497730118e+00
6.672153401073263268e+00
6.673475255568210862e+00
6.670603660840201066e+00
6.670326620456391353e+00
6.672150503803898403e+00
6.670068053672855157e+00
6.672597142056414299e+00
6.671606634635926625e+00
6.673130223636542624e+00
6.672711563521884770e+00
6.669645382849138215e+00
6.673109090420880740e+00
6.672729038393685030e+00
6.670283033745088908e+00
6.671516655162966991e+00
6.671570585201420656e+00
6.671565922024473849e+00
6.670532658559477746e+00
6.672071587554373018e+00
6.672013086951476879e+00
6.671759363170575163e+00
6.672389480510705795e+00
6.672363708362495593e+00
6.671081317353244167e+00
6.672043052217508929e+00
6.672222683396053178e+00
6.671457097032616801e+00
6.672093064412063512e+00
6.671982439686526156e+00
6.671909780678644708e+00
6.672502439492053128e+00
6.673212807724896223e+00
6.672671077788906224e+00
6.673146335686099384e+00
6.672282873781284707e+00
6.671317178103524981e+00
6.670410537948026963e+00
6.672072546287069805e+00
6.675164904240979524e+00
6.671663151050355900e+00
6.672498013890476365e+00
6.672149677236726362e+00
6.672256194498931592e+00
6.672842224597633098e+00
6.674287938809287724e+00
6.671297155919009292e+00
6.670237006738309660e+00
6.670702376726945104e+00
6.673972447955063281e+00
6.672583728981297035e+00
6.671595876228323618e+00
6.672042925277602343e+00
6.672464259713729362e+00
6.672378200250973279e+00
6.672072336608787957e+00
6.672182925820324684e+00
6.671443194052842252e+00
6.671497338578174841e+00
6.671849842444246725e+00
6.671377507549555830e+00
6.671743809289434779e+00
6.671159741265223708e+00
6.672650882751592682e+00
6.672007558821799300e+00
6.673975460357419287e+00
6.673471632550712407e+00
6.673116656096696353e+00
6.672011054964579024e+00
6.671964114152576286e+00
6.669794564451196450e+00
6.671149628450018021e+00
6.672022604751633779e+00
6.673194940971287181e+00
6.672061607472448586e+00
6.671023158228199357e+00
6.671411411368231903e+00
6.671714062981045856e+00
6.671064271650388733e+00
6.671568551159593241e+00
6.673968315555200981e+00
6.672639753466574675e+00
6.672614027418433125e+00
6.672271968382493590e+00
6.672390536746743983e+00
6.672297453956282709e+00
6.671776472143910119e+00
6.672317107047403439e+00
6.673290633274016947e+00
6.671179218291719337e+00
6.672794481328510052e+00
6.671724807683006908e+00
6.669835246112271854e+00
6.671879273178777936e+00
6.673178779786213433e+00
6.672597533779877743e+00
6.670578972152901187e+00
6.671089005089233304e+00
6.673127746723574560e+00
6.670358376720165516e+00
6.671359201522389704e+00
6.673295384175990108e+00
6.672960703492331724e+00
6.672699810815766241e+00
6.670951024584265809e+00
6.670928447527893823e+00
6.672797383105677049e+00
6.670002917075847471e+00
6.671010730476389483e+00
6.671970978597604685e+00
6.670141389341025295e+00
6.671677089071257782e+00
6.672856199621517881e+00
6.670554768243961874e+00
6.671995441494568801e+00
6.673165147323571134e+00
6.671505034944122947e+00
6.672897393693615342e+00
6.672166725865243286e+00
6.672565527054096890e+00
6.671385748550617834e+00
6.671677959305456262e+00
6.673873565272583797e+00
6.672682759127497754e+00
6.671694440381418900e+00
6.671997344584778666e+00
6.671550535023578199e+00
6.672204495454328921e+00
6.672408056725134706e+00
6.670970710883916688e+00
6.669610522313782930e+00
6.671726275773910864e+00
6.671348608077615872e+00
6.672493344165158824e+00
6.673167043391367237e+00
6.670497697298098494e+00
6.671156122468747895e+00
6.673750799734566641e+00
6.670413375341238904e+00
6.673045550640815726e+00
6.670793375097615829e+00
6.672722809082189954e+00
6.671045046419547653e+00
6.671703474845637416e+00
6.671239144614556693e+00
6.670627135686067355e+00
6.671969617890544768e+00
6.670500191145944946e+00
6.671869771927672943e+00
6.670408953400489338e+00
6.671348580204148782e+00
6.673075268047261588e+00
6.671990618998488110e+00
6.673482801683446652e+00
6.670697654624708761e+00
6.672910267249349658e+00
6.670112759289921200e+00
6.671987449013471405e+00
6.673338579977693641e+00
6.672454074143345792e+00
6.671426679848945440e+00
6.672454556736474807e+00
6.673227687733032099e+00
6.670805794615984219e+00
6.670522509874582617e+00
6.672837141665590721e+00
6.672313712571206423e+00
6.670727314056394519e+00
6.673240451238519277e+00
6.673178112661653394e+00
6.672171538781763722e+00
6.673380891603779119e+00
6.672247758109990379e+00
6.673135671667033364e+00
6.670374665121398650e+00
6.672462776300889686e+00
6.671278523708643604e+00
6.671815158472266027e+00
6.671756813038694389e+00
6.672189528063722896e+00
6.672260704830795142e+00
6.672126930319809190e+00
6.670511158292037557e+00
6.670922077990792509e+00
6.670948409987449423e+00
6.670477088773930419e+00
6.672684041429695512e+00
6.672845058696792897e+00
6.672683865212172272e+00
6.672571645097240101e+00
6.671912736752075190e+00
6.671282077356710083e+00
6.672339353474190382e+00
6.673535547402551060e+00
6.672450312794538263e+00
6.672017142624387276e+00
6.672558897600014305e+00
6.672135967772966580e+00
6.673919624265338690e+00
6.671189258515532572e+00
6.672447863719733085e+00
6.671782536811926789e+00
6.671551892785613447e+00
6.672323150041412632e+00
6.671140961409265380e+00
6.671848344143158194e+00
6.670944819163342920e+00
6.672645414019871879e+00
6.670164263854450049e+00
6.672269215192000225e+00
6.674707955709821228e+00
6.670323777285559252e+00
6.670854443363619879e+00
6.670716113361214283e+00
6.672254475749253011e+00
6.671919179171077907e+00
6.672189211737869385e+00
6.672289441586664260e+00
6.672272161874440499e+00
6.671652813529937553e+00
6.671002680637323934e+00
6.672808653915007326e+00
6.672422197974825941e+00
6.669737975339209868e+00
6.673020101674069338e+00
6.672182298893270413e+00
6.672924071626039400e+00
6.672178195539030909e+00
6.672232268045058312e+00
6.671676758802652429e+00
6.671112160170967087e+00
6.672189276765055688e+00
6.671602102679208279e+00
6.671299584959138329e+00
6.671441691947930686e+00
6.673347571156021729e+00
6.671547668256155639e+00
6.671585305612184769e+00
6.672298997863616243e+00
6.671532712091196693e+00
6.671813713638829135e+00
6.672091843420743018e+00
6.670228683990625740e+00
6.670899918379884497e+00
6.673297729639085851e+00
6.671723137164779160e+00
6.672127581992139511e+00
6.672605744602237543e+00
6.672728504602184252e+00
6.670185454945513293e+00
6.671744553904387587e+00
6.671263134142598084e+00
6.670857555490104396e+00
6.671004717128942829e+00
6.672755679375445226e+00
6.672019648925542334e+00
6.672688792556369819e+00
6.671034741072346286e+00
6.672210153612445183e+00
6.672662719639827600e+00
6.670999356760914267e+00
6.671591536702655922e+00
6.671142894623490527e+00
6.673948431781999702e+00
6.671248076979531483e+00
6.672267048233024411e+00
6.672661316551414146e+00
6.671933770554143273e+00
6.671594833245833911e+00
6.671678836312461947e+00
6.674329659766788048e+00
6.671181323502644034e+00
6.671920167816882241e+00
6.671117237247162990e+00
6.672245747544044647e+00
6.672878081739032297e+00
6.673025169029654258e+00
6.672649987185608644e+00
6.671968269468467660e+00
6.671967097229882349e+00
6.672953403623127500e+00
6.671632618724754771e+00
6.673394643385813119e+00
6.672245448726905614e+00
6.672487714896105260e+00
6.673616368910245455e+00
6.671359134850082029e+00
6.670209913541954805e+00
6.673404706235929851e+00
6.673605109943119729e+00
6.674243835067978914e+00
6.671879429119434768e+00
6.672057319044315093e+00
6.672831126106180122e+00
6.671931776110518797e+00
6.673089010256651576e+00
6.672779012101226037e+00
6.672519011629759689e+00
6.671377964657474458e+00
6.671687393294925883e+00
6.670989279087266688e+00
6.672512006806359253e+00
6.671825710446930735e+00
6.672546536670629358e+00
6.672099400291129356e+00
6.671801558785923625e+00
6.672472421301793410e+00
6.671581685878738455e+00
6.670512594701400566e+00
6.669997977358565144e+00
6.670694652664622026e+00
6.672941918626183799e+00
6.671914300807276987e+00
6.671717701513417254e+00
6.671550626425289288e+00
6.672453772413025064e+00
6.672184226339725299e+00
6.671413100937281904e+00
6.671711896264500119e+00
6.671564766975868643e+00
6.671502638252140294e+00
6.670432036471807713e+00
6.671721939899243559e+00
6.673177612573209849e+00
6.673234345606677387e+00
6.673813394353329542e+00
6.671002858880024533e+00
6.673679671692857696e+00
6.671928479062641415e+00
6.670920805397042130e+00
6.671165723436662809e+00
6.673144768490489653e+00
6.674165256228654641e+00
6.672175958063118806e+00
6.672331147628800530e+00
6.674096209568731730e+00
6.671553506659958721e+00
6.673439538997737230e+00
6.672587718371409515e+00
6.670125584251186623e+00
6.672017895680189881e+00
6.674392123813424504e+00
6.669943467919693170e+00
6.670537409953740671e+00
6.672488999489529782e+00
6.672211377642753405e+00
6.672141077772271167e+00
6.671189889227965075e+00
6.672426626828830365e+00
6.671674248027042786e+00
6.670754283389094930e+00
6.670544632285867692e+00
6.669729323246237129e+00
6.672285098137670900e+00
6.672412595565978322e+00
6.672068759482766787e+00
6.670205309129229931e+00
6.671649055940522821e+00
6.671816384893578089e+00
6.673820519867795120e+00
6.672712883358328462e+00
6.670688764800966730e+00
6.671612638453710886e+00
6.670802669603791202e+00
6.673431547773533978e+00
6.672685151599005771e+00
6.672183830694337736e+00
6.672666577058254056e+00
6.671110215922160691e+00
6.669433355472587088e+00
6.673162629948332203e+00
6.671379210826369643e+00
6.670802837983259792e+00
6.671985909127247538e+00
6.671261839592964371e+00
6.671029255819484582e+00
6.670817834003559987e+00
6.672756276750629212e+00
6.671158445139958815e+00
6.670743486575450021e+00
6.671822647495280201e+00
6.670911439322880554e+00
6.672177616706597370e+00
6.672938330313527899e+00
6.672034589492596091e+00
6.672331894017894172e+00
6.672236077807541577e+00
6.671939123657391058e+00
6.671168846612441250e+00
6.671711725933124448e+00
6.672198132876835608e+00
6.671343924928719638e+00
6.673195110131448615e+00
6.671554663720948852e+00
6.671760237879238886e+00
6.672100296104781947e+00
6.670836467202707176e+00
6.671148818335687736e+00
6.672309894742978642e+00
6.671407915915823494e+00
6.671163332272204372e+00
6.671347371074006105e+00
6.672199256037500525e+00
6.671983461403196536e+00
6.672911542895056058e+00
6.671413451491537749e+00
6.672467707895176403e+00
6.670322350481789009e+00
6.671682137280596336e+00
6.672423406735865647e+00
6.672924701013672966e+00
6.672050271969866664e+00
6.672889198799522248e+00
6.672591093842168419e+00
6.671810111998492943e+00
6.672056695968918483e+00
6.671888652526242858e+00
6.672646472808182239e+00
6.671731673840771037e+00
6.670951309374831162e+00
6.671576477042180819e+00
6.670414272830022639e+00
6.672938436894462200e+00
6.670957669724599803e+00
6.671892133455684437e+00
6.670981177927248318e+00
6.670807006059808586e+00
6.670583414976169578e+00
6.671681560481223627e+00
6.672098685994794387e+00
6.671297880686076098e+00
6.672229169152756434e+00
6.672243772461409428e+00
6.672688787751983597e+00
6.671964000942590900e+00
6.670861170981408073e+00
6.672924821267185003e+00
6.672721828181156667e+00
6.670017171402193412e+00
6.670229149144868863e+00
6.670645748959865173e+00
6.674070120674050699e+00
6.672836400832012238e+00
6.669897475481124438e+00
6.671770468116574371e+00
6.671159659735248937e+00
6.671919818872411589e+00
6.672831674116993739e+00
6.669994537132115653e+00
6.671192069983361783e+00
6.673871924091179686e+00
6.672903249990401520e+00
6.671298245519500902e+00
6.672076542881161032e+00
6.671448806089427919e+00
6.669477574774600015e+00
6.671545041618546001e+00
6.672747192219420143e+00
6.670951705737930837e+00
6.671785694925023158e+00
6.670300897362726467e+00
6.671523995106865890e+00
6.670763633949729154e+00
6.671392431129954836e+00
6.670302875753354677e+00
6.671312552621047942e+00
6.671887722377363161e+00
6.671664089405731524e+00
6.671366867418768720e+00
6.670415422314881049e+00
6.674007603596328941e+00
6.671507975897010390e+00
6.672755439108363440e+00
6.673619692526960634e+00
6.672559703096956341e+00
6.672703180710860771e+00
6.671569863107765563e+00
6.672424173129007485e+00
6.670670794135733495e+00
6.670668618328356558e+00
6.670325455180769580e+00
6.672257045201217984e+00
6.673736206719477870e+00
6.671642570066749656e+00
6.672294586997142396e+00
6.673681282404428927e+00
6.671639583181717015e+00
6.671594875819736536e+00
6.672216342889907281e+00
6.671556995548920455e+00
6.671677711365300745e+00
6.671837239881603487e+00
6.671069327935832405e+00
6.672916882308272513e+00
6.672724127393100169e+00
6.671307260594311117e+00
6.671105954911115354e+00
6.672791673307950866e+00
6.670121502718292739e+00
6.670798156677439472e+00
6.672564475160682740e+00
6.671919464816929768e+00
6.673453377263613540e+00
6.672560532282737711e+00
6.672056429566700864e+00
6.673185430780959493e+00
6.671368779166255258e+00
6.672055940255563478e+00
6.671500476676468949e+00
6.673466758880560512e+00
6.672508929971419533e+00
6.672515662274489223e+00
6.671198665824761065e+00
6.675288383735486164e+00
6.671352312213524094e+00
6.671224670164210835e+00
6.672381284658864153e+00
6.670389565275198329e+00
6.672243157406811953e+00
6.671818076239032891e+00
6.672184665444952145e+00
6.671793443318287054e+00
6.672331176123615926e+00
6.670942821118162058e+00
6.670677937065586427e+00
6.673130228716503964e+00
6.672524053329789595e+00
6.671812622717972374e+00
6.671085015933957862e+00
6.670770028356838743e+00
6.671910759504005028e+00
6.672222920125721046e+00
6.670010535958347475e+00
6.671520052371321619e+00
6.674245227243607026e+00
6.669601182000958417e+00
6.671868404309307721e+00
6.671969190148005602e+00
6.673026784279342039e+00
6.670981018321485045e+00
6.673455882280369345e+00
6.672189859766895381e+00
6.670939073840100875e+00
6.671334359224396771e+00
6.671943325454612328e+00
6.671712226260196665e+00
6.673305598136161976e+00
6.670491182142713527e+00
6.670220787922537475e+00
6.670233391615268737e+00
6.672517131620149478e+00
6.672782111611847533e+00
6.671430009446951637e+00
6.671068708068121467e+00
6.673403730682719193e+00
6.672045060667698202e+00
6.672066267628584235e+00
6.671835269460649087e+00
6.672847308089936647e+00
6.672802575347297704e+00
6.671414159812679934e+00
6.671676992087652636e+00
6.672984463095659180e+00
6.672915166948638621e+00
6.670428994403916789e+00
6.671964347649854687e+00
6.671594977380489233e+00
6.670238681275008297e+00
6.674015423671357361e+00
6.672617981454376235e+00
6.672495550206332560e+00
6.672265554851434466e+00
6.672956164629312070e+00
6.672541557885363517e+00
6.672506184248238270e+00
6.671092884181050842e+00
6.671389341519132543e+00
6.673038991218600557e+00
6.672463091748077169e+00
6.672809619312427110e+00
6.671422254510017247e+00
6.671104935268875380e+00
6.672402358788916743e+00
6.670395630137876175e+00
6.673620690336971251e+00
6.671143099305319346e+00
6.672722489540365842e+00
6.672610662015101113e+00
6.671723849478429003e+00
6.672793945328359122e+00
6.671274149177444990e+00
6.671986123072024100e+00
6.671624065686951432e+00
6.672442197211061909e+00
6.672153714023776772e+00
6.671133809197645093e+00
6.671678523487768686e+00
6.674188951835880346e+00
6.669456987438575624e+00
6.672028822435732920e+00
6.672650109130387364e+00
6.671282701760644862e+00
6.672439329975535571e+00
6.672168795316621548e+00
6.670887236307690316e+00
6.674330538793268985e+00
6.673348995435612885e+00
6.671723395430599446e+00
6.672468621285231549e+00
6.671774894933745870e+00
6.671959236376931557e+00
6.672995814224896627e+00
6.673673377610493063e+00
6.671445084916054924e+00
6.672122390074465947e+00
6.671529861195676148e+00
6.671100161330413059e+00
6.671903968306172494e+00
6.671991538931609789e+00
6.673129035017876021e+00
6.671475666053501286e+00
6.672429832754511736e+00
6.672158224885173183e+00
6.672191803445082670e+00
6.670697212688057931e+00
6.671410314700314537e+00
6.671614350770399327e+00
6.673979365571315547e+00
6.674110114759714385e+00
6.671236560517968428e+00
6.671616836901315573e+00
6.673582471128510107e+00
6.672510233494033827e+00
6.671277982832086728e+00
6.672412251078224443e+00
6.673385745009016823e+00
6.671793013392325555e+00
6.671811410711194767e+00
6.671314313684969299e+00
6.672322676161464905e+00
6.672239154071140099e+00
6.672828816147651665e+00
6.671765409215642428e+00
6.669815354366342319e+00
6.672163020986101145e+00
6.671536221940634448e+00
6.671554894800726387e+00
6.672218998870708795e+00
6.673407501372516037e+00
6.671610690022248491e+00
6.671494822558204696e+00
6.673068135870918738e+00
6.673845579967510488e+00
6.673811943394729163e+00
6.674783530617892424e+00
6.671910350286374580e+00
6.671752094394316046e+00
6.673051643403004718e+00
6.670427635516146481e+00
6.670976123489536391e+00
6.672765575460875453e+00
6.671568427324317874e+00
6.671059116756767438e+00
6.672126000716807503e+00
6.671346787466575279e+00
6.671760133509619273e+00
6.669556270203240267e+00
6.671066131612120031e+00
6.673348931022029085e+00
6.670438894072878711e+00
6.671112685606085613e+00
6.671394808271509547e+00
6.673319314783825007e+00
6.671873821976827656e+00
6.672743645260895917e+00
6.672951978050236654e+00
6.671251644208030740e+00
6.671774967952209145e+00
6.670656842313507084e+00
6.672345204710429911e+00
6.671584912602326334e+00
6.671776503808077408e+00
6.672257746449856697e+00
6.672714858520138570e+00
6.671629903073606371e+00
6.673618057683590621e+00
6.671279808066076455e+00
6.672104023323448985e+00
6.671102458575047578e+00
6.671431338226749830e+00
6.672205499617484215e+00
6.670716757828707877e+00
6.672915100147390532e+00
6.671700250837567125e+00
6.672237856313548043e+00
6.672219903505896887e+00
6.669898802642017621e+00
6.674216326018196810e+00
6.671798199821431297e+00
6.672109570482150254e+00
6.672241124129503653e+00
6.669745247585169068e+00
6.671601034208958225e+00
6.673198746192875674e+00
6.673431141895216356e+00
6.673336437608099025e+00
6.672414623484483442e+00
6.673967751337039012e+00
6.673783527736454779e+00
6.671968504274568446e+00
6.670320559818066819e+00
6.671325911671568853e+00
6.673404250362648504e+00
6.671411597978446295e+00
6.670875247311325751e+00
6.672007790728462062e+00
6.670025747283115258e+00
6.671021516260350559e+00
6.672254632015251374e+00
6.671877716961132521e+00
6.671099621567864624e+00
6.669432436835583289e+00
6.672439400978664281e+00
6.672057695553344381e+00
6.671865526436239868e+00
6.672073063223207257e+00
6.670237309315056429e+00
6.672748799880310777e+00
6.670640283515567148e+00
6.669402614352610392e+00
6.672809634403337853e+00
6.671490174077620239e+00
6.673571786123298821e+00
6.671481200435065873e+00
6.671780029169776860e+00
6.671214859048498980e+00
6.672067481039547943e+00
6.672229715866584421e+00
6.672093761457720262e+00
6.673358833846604554e+00
6.672431969369609916e+00
6.671159384253233071e+00
6.672550297433091693e+00
6.671637710676864508e+00
6.672000113258151899e+00
6.671028796662863414e+00
6.672059972686022356e+00
6.672394862318419051e+00
6.672479087994018343e+00
6.672968824935310295e+00
6.671976149905415099e+00
6.671827329201696521e+00
6.672507776113571154e+00
6.671140612290798799e+00
6.672689434169729594e+00
6.670762481900681884e+00
6.671993476388310640e+00
6.670682690833773520e+00
6.671953090327309432e+00
6.671620710496422468e+00
6.672988011441516321e+00
6.673803084300441668e+00
6.671582778519391077e+00
6.673161841655571358e+00
6.670720501996895813e+00
6.672233040532828952e+00
6.672394912154809177e+00
6.671841993852726915e+00
6.671198573879096649e+00
6.671629955764935005e+00
6.671660779451397794e+00
6.671361246914819354e+00
6.671352374772457239e+00
6.671318427065600964e+00
6.671813357197736494e+00
6.670401982644818872e+00
6.671782500280553307e+00
6.671650345987540476e+00
6.670960844711211202e+00
6.669913437482808405e+00
6.670718857365900867e+00
6.672648483994330526e+00
6.673260889550479469e+00
6.672587176840896639e+00
6.670641503975485165e+00
6.672658088863811621e+00
6.670731182820150984e+00
6.672562517524290193e+00
6.670593963490136780e+00
6.672304779953202036e+00
6.672337588347367010e+00
6.671299357427245447e+00
6.671641325469154893e+00
6.672037040731145119e+00
6.671460202951751128e+00
6.672139753476912460e+00
6.672056295976264373e+00
6.671258910696175271e+00
6.672163224830639727e+00
6.673774675417162960e+00
6.671964414672305388e+00
6.671287598880603298e+00
