6.673561867406118786e+00
6.673501891334349345e+00
6.673262124861440547e+00
6.674186423860276385e+00
6.674326189211026161e+00
6.674170047467832489e+00
6.673686868966827390e+00
6.673986517713582423e+00
6.673606151022944744e+00
6.673834289134712883e+00
6.674171995727435913e+00
6.673512521694708433e+00
6.673964688510729104e+00
6.673850775498991972e+00
6.674013951913907228e+00
6.673807358526749667e+00
6.673544186184850346e+00
6.673872005027011944e+00
6.674092571339538260e+00
6.673951677356545709e+00
6.673663219929305335e+00
6.673701153825360777e+00
6.674191384120327974e+00
6.673845906265975181e+00
6.673890919797778487e+00
6.673848896012974485e+00
6.673706612516776993e+00
6.674099408656677390e+00
6.674660491011289665e+00
6.673896095121755856e+00
6.673812113475088736e+00
6.673554752418578317e+00
6.673394919604892728e+00
6.674128732671078090e+00
6.674215678956785247e+00
6.673877617757424829e+00
6.673989763229820404e+00
6.673667277842143086e+00
6.673601758004532591e+00
6.674105740292774591e+00
6.674109043475318970e+00
6.674079583531639770e+00
6.673910260534608341e+00
6.674309950252065526e+00
6.674075064584039652e+00
6.673918830717335382e+00
6.673507410590634237e+00
6.673766877366885453e+00
6.673221918582932233e+00
6.673692749921015910e+00
6.674313301196785453e+00
6.673927538303157547e+00
6.673771785587219618e+00
6.673963561924606047e+00
6.673836758152429383e+00
6.673891946037723955e+00
6.673854697590796192e+00
6.673739918295168216e+00
6.674124457230019125e+00
6.673656643733330895e+00
6.673832016876733775e+00
6.673754568098631879e+00
6.673682718540387526e+00
6.673861287141601650e+00
6.674138195774367510e+00
6.673687788481901251e+00
6.673269790591338513e+00
6.674098362665803030e+00
6.674240808591838992e+00
6.673997468190378868e+00
6.673174966302431343e+00
6.673722747508217701e+00
6.673848464025089022e+00
6.673765940678244135e+00
6.674099900837773269e+00
6.673677346960804613e+00
6.674392252810127601e+00
6.673772733010504332e+00
6.673514257729785015e+00
6.673971692911529807e+00
6.673655081266572253e+00
6.673492704903589257e+00
6.673967120743739656e+00
6.673935648333758408e+00
6.673608562222181462e+00
6.673543560238494265e+00
6.673638929755053795e+00
6.673692206843004904e+00
6.674037901255681859e+00
6.674216610658836757e+00
6.673815638140982998e+00
6.674543070438738290e+00
6.673832269547820495e+00
6.674328389232751846e+00
6.674225258760698942e+00
6.673845816957913790e+00
6.673577323939283268e+00
6.673991923271154647e+00
6.673926598275706112e+00
6.674058836913981274e+00
6.673841313001430464e+00
6.674417591375239489e+00
6.674130700980269282e+00
6.673931996608161832e+00
6.673969004556250084e+00
6.674405888656446351e+00
6.673885212554001356e+00
6.674024238465858794e+00
6.673705302564912678e+00
6.673571413381653272e+00
6.673847574313167108e+00
6.674039580269482741e+00
6.673888308466596087e+00
6.673902603619066731e+00
6.674266045135023084e+00
6.673830468325689047e+00
6.674508074047597717e+00
6.673951138121337223e+00
6.673877043170738155e+00
6.673598879498205960e+00
6.673699689775468791e+00
6.673996057099081725e+00
6.673187239657043968e+00
6.673605088537049035e+00
6.673802799476644232e+00
6.673918807457947189e+00
6.673926341430518328e+00
6.674375735448828451e+00
6.673954365592766003e+00
6.673725093792794105e+00
6.674504207140667944e+00
6.673578750923800484e+00
6.673937293821922800e+00
6.673495200939442817e+00
6.674009491965302132e+00
6.674179562632065910e+00
6.674123604199789561e+00
6.673992876274128072e+00
6.673942731656776317e+00
6.673933003434811440e+00
6.673849033036296063e+00
6.673572004425725623e+00
6.674364756135116927e+00
6.674012021713891407e+00
6.673732094648269886e+00
6.673753578644545215e+00
6.674193932082507885e+00
6.673478220973318109e+00
6.673960759961768296e+00
6.673896801443220284e+00
6.674127823049762043e+00
6.673785563852806746e+00
6.674035601669207729e+00
6.674048092884611982e+00
6.674063327794294231e+00
6.673937063977364303e+00
6.674519868932290656e+00
6.673915388054005859e+00
6.673828110294781624e+00
6.673682259823838336e+00
6.673759749501647853e+00
6.673962239384737316e+00
6.673816573688617915e+00
6.673752107844839188e+00
6.673903410915445811e+00
6.673517825991229557e+00
6.673952465492759778e+00
6.674030917346233771e+00
6.673888463948284944e+00
6.674333273671624767e+00
6.673738783369230099e+00
6.674174027544694354e+00
6.673817226193768271e+00
6.673302788839515998e+00
6.674501901395744063e+00
6.674052220261781798e+00
6.673731885957667309e+00
6.673988711230534498e+00
6.673895655071757638e+00
6.673821198610102812e+00
6.673925637112372300e+00
6.673587744817713663e+00
6.673681914690170913e+00
6.673602588513449341e+00
6.674134017786765405e+00
6.673618990921189820e+00
6.674189233429830281e+00
6.674061536202352762e+00
6.673655903837829584e+00
6.673751124179094774e+00
6.673794075400827808e+00
6.673857226753338701e+00
6.673945232309591802e+00
6.674307433758599473e+00
6.673790958460658729e+00
6.673560646190035861e+00
6.673958847042987585e+00
6.674407444571728298e+00
6.673675693847060053e+00
6.674078047060032048e+00
6.674002665429161318e+00
6.673903478096189446e+00
6.673389809324275390e+00
6.673657602373988418e+00
6.673867865988100334e+00
6.674052957988154233e+00
6.673830854766610976e+00
6.673944772195669728e+00
6.673821098982949174e+00
6.673249960133222913e+00
6.674396738710177246e+00
6.673724503270376474e+00
6.673938093680325423e+00
6.673995243381694031e+00
6.674167187285991787e+00
6.674058108939066258e+00
6.674061033654355768e+00
6.673895486015579692e+00
6.673916269427547121e+00
6.674003124043939472e+00
6.673763625071952532e+00
6.673515677437254823e+00
6.673782632659858827e+00
6.674152927023374815e+00
6.674078031044317072e+00
6.674037330963619397e+00
6.673699159699818750e+00
6.673739064232336204e+00
6.673864202126010170e+00
6.674566022555369571e+00
6.673890441445809785e+00
6.674069002744701606e+00
6.673765337534956821e+00
6.674192952017921066e+00
6.673816289844817007e+00
6.674281841572994978e+00
6.673733641941760553e+00
6.674029571588618204e+00
6.674249136427357953e+00
6.674141288365723845e+00
6.674003623935311325e+00
6.674025981007118524e+00
6.673781490805871464e+00
6.673569656476685985e+00
6.674066842496192642e+00
6.674493600144280059e+00
6.673511725499607472e+00
6.673956469836985761e+00
6.673739300252906403e+00
6.674016945209982232e+00
6.674168277535475369e+00
6.673945491012659659e+00
6.673675114004938180e+00
6.674086515611140413e+00
6.673970210813409132e+00
6.674393864054161796e+00
6.673627844004342613e+00
6.674249283636770613e+00
6.673787139170036298e+00
6.673746907363206304e+00
6.673952869834701040e+00
6.673685217963224225e+00
6.673881096577614969e+00
6.673898314032367551e+00
6.674139240611114410e+00
6.674103266918661070e+00
6.673642125932173208e+00
6.673868836855986864e+00
6.674419327961241599e+00
6.674280956350589378e+00
6.673838607199479078e+00
6.674063545169627965e+00
6.673996306598238171e+00
6.673759254094605353e+00
6.673479476672417476e+00
6.674028375220916409e+00
6.674196648130958032e+00
6.673975191184253752e+00
6.673648300743694861e+00
6.673919783842687359e+00
6.673882620252745923e+00
6.673683211630236478e+00
6.674220742954563690e+00
6.673654465952897574e+00
6.673726783815618013e+00
6.674049765102584075e+00
6.674214161458948524e+00
6.673721623504490275e+00
6.674020666538226010e+00
6.674231619083720091e+00
6.673555574137806978e+00
6.674268362886249584e+00
6.673513104326856293e+00
6.674018214590677900e+00
6.673582732638460691e+00
6.673726259571649777e+00
6.674004156431668555e+00
6.674220212760393345e+00
6.673834228367663712e+00
6.674282747741225208e+00
6.674257669872432963e+00
6.673788304305599439e+00
6.673851844796766741e+00
6.673891367659495977e+00
6.673842536873459075e+00
6.674105849960417558e+00
6.674200192108338925e+00
6.673820232856316537e+00
6.674042316261656005e+00
6.674130417405256921e+00
6.673854832757678324e+00
6.673844244719165708e+00
6.674056641510278887e+00
6.674101072982011829e+00
6.673625825828766622e+00
6.673853282565157308e+00
6.673696341302366442e+00
6.674093181132850994e+00
6.674082659999033496e+00
6.673573274115736531e+00
6.673830902045945201e+00
6.673823023956998668e+00
6.674152655879423968e+00
6.673902721254236781e+00
6.674012737076250978e+00
6.674285404107816788e+00
6.673713676130220485e+00
6.674028410864578653e+00
6.673708166083377691e+00
6.673737705979647217e+00
6.673821942157361242e+00
6.673865789638809609e+00
6.673720039829294848e+00
6.673570045491448610e+00
6.673267857835861072e+00
6.673828501689832216e+00
6.674069270045544400e+00
6.674142203229665782e+00
6.673182956755650430e+00
6.674297653882558912e+00
6.674065583309488403e+00
6.673404908272979164e+00
6.673325263288923281e+00
6.674226901501878473e+00
6.673855566760837021e+00
6.673812536734256895e+00
6.673720638499920810e+00
6.673691309832577190e+00
6.674054226117660527e+00
6.674012171567985874e+00
6.673985571307619047e+00
6.673481915734508441e+00
6.673746554284730514e+00
6.673969422056734047e+00
6.673620968368091155e+00
6.673989080559052489e+00
6.673916109314498968e+00
6.673793154557691842e+00
6.673678412016212036e+00
6.673857895652056449e+00
6.674724565231660911e+00
6.673822779191607601e+00
6.673930005777910068e+00
6.674266370020200512e+00
6.673712266698315965e+00
6.673560525354457873e+00
6.673897410319525214e+00
6.673629339652830339e+00
6.674203245811465735e+00
6.673813808734015751e+00
6.674241506274879221e+00
6.673890514889889047e+00
6.674003423722013828e+00
6.673921029359863866e+00
6.673715726684079641e+00
6.673473669064894587e+00
6.673777348828541456e+00
6.674016990346971490e+00
6.673876495811160936e+00
6.674236216895341300e+00
6.673719805917813552e+00
6.674200180034596919e+00
6.673963023687908169e+00
6.673657557331270418e+00
6.673794836976263412e+00
6.673759182268673484e+00
6.674066900824436210e+00
6.673555416629310955e+00
6.674088761576919104e+00
6.673595292084277375e+00
6.673388019598331056e+00
6.673936602388655714e+00
6.674225014713199400e+00
6.673584912602354535e+00
6.673969006138905868e+00
6.673467492961127512e+00
6.674067920883608451e+00
6.673789608531830453e+00
6.673812247827435762e+00
6.674175695151917331e+00
6.674022902210060337e+00
6.674092785252151216e+00
6.673788598889335510e+00
6.674188297556197469e+00
6.674226542245713212e+00
6.673916204380778261e+00
6.674200897682829314e+00
6.674093260836698072e+00
6.673581129119979138e+00
6.673960620974558111e+00
6.673924139317813697e+00
6.674329255845548481e+00
6.673591260514068146e+00
6.673588176304726893e+00
6.673924057391562137e+00
6.673592294907974676e+00
6.673296341684455513e+00
6.673593696036473233e+00
6.673695588428524061e+00
6.673825427764071172e+00
6.674272911845746670e+00
6.673766869361475784e+00
6.674193472921836623e+00
6.673972628304283283e+00
6.673986422112004213e+00
6.673468859170053946e+00
6.673814883719148661e+00
6.674006549689874390e+00
6.673589988022222919e+00
6.673961626331180064e+00
6.673544046204235691e+00
6.673571811818124644e+00
6.674139129195912012e+00
6.673681816817811807e+00
6.674104453130754067e+00
6.673708207977687934e+00
6.673329129057108844e+00
6.673948261154738937e+00
6.673998755834423591e+00
6.673972093041912856e+00
6.673671985705317944e+00
6.673876302711244435e+00
6.673903003405388112e+00
6.673974976741276599e+00
6.673898178972987871e+00
6.674011813633151213e+00
6.673712829633850596e+00
6.673555085096778861e+00
6.673979083227525422e+00
6.673772716352441847e+00
6.674009750050368339e+00
6.673906237194272784e+00
6.673567023470915238e+00
6.673962372395773279e+00
6.673886259110652475e+00
6.673622951139679849e+00
6.673802466320705840e+00
6.674261725019698055e+00
6.673569712475394766e+00
6.673547190051730915e+00
6.673929534901555272e+00
6.673507094116487792e+00
6.673758901568002777e+00
6.674170989228003670e+00
6.673772973898227434e+00
6.674037666019768444e+00
6.673689459903715537e+00
6.673565670339181466e+00
6.673933647291502957e+00
6.673583213642722001e+00
6.673968416740566845e+00
6.673498784675317097e+00
6.673796310845670376e+00
6.673625261843066703e+00
6.673815601178528567e+00
6.673584824448953512e+00
6.673492058821447692e+00
6.673742252328894509e+00
6.673947713523336489e+00
6.673482896400053654e+00
6.673875044319655281e+00
6.673786264456908590e+00
6.673656345103090359e+00
6.674188883755539869e+00
6.673756240656604888e+00
6.673161789059851579e+00
6.674222704670709660e+00
6.673843494547196720e+00
6.673103157775060801e+00
6.673662050978641069e+00
6.674386863509361945e+00
6.673704358844519291e+00
6.673576889481946495e+00
6.673689727490248913e+00
6.673587463051032564e+00
6.673826605987089877e+00
6.673802762528838528e+00
6.674274705551836995e+00
6.674034461586694889e+00
6.674405693453224764e+00
6.674069426026906449e+00
6.673569950130609385e+00
6.674041376681178583e+00
6.673875829346039623e+00
6.674193354659360367e+00
6.673867595842921219e+00
6.674312577051017215e+00
6.673839403886721477e+00
6.673715954336213230e+00
6.673047819469333675e+00
6.673966352147378878e+00
6.674326268947367247e+00
6.673794038913723803e+00
6.673960362206949881e+00
6.673688520962449466e+00
6.673467384676123437e+00
6.673909557531638725e+00
6.673949606038997118e+00
6.674286077568987174e+00
6.673452899270052363e+00
6.674100862932602851e+00
6.673751273893327784e+00
6.673659611773550715e+00
6.673552746565674987e+00
6.673947141016810747e+00
6.673472436230184712e+00
6.674006242541361544e+00
6.673767372384482144e+00
6.673873191251820991e+00
6.673798847952953750e+00
6.673928514272337686e+00
6.674269018417848365e+00
6.674156378511451493e+00
6.673886818554685796e+00
6.673782344769143116e+00
6.673645575256833773e+00
6.674022308368642520e+00
6.673452170982048237e+00
6.673859092109570845e+00
6.673597840239154699e+00
6.673979258813337090e+00
6.673725851224225458e+00
6.674124165739546477e+00
6.673834188513197319e+00
6.673646227346014648e+00
6.674233283269030537e+00
6.673567144392835715e+00
6.673491520041852532e+00
6.673740405432205591e+00
6.674327492602770029e+00
6.673772852304895586e+00
6.673954373927506012e+00
6.674085596480181515e+00
6.673711131866125967e+00
6.673785839326783709e+00
6.673614347960211468e+00
6.674019356516541990e+00
6.673798232072931214e+00
6.673549112444112197e+00
6.673794822868688748e+00
6.673480397799277597e+00
6.673730366547732551e+00
6.673559533961502588e+00
6.674171079815643282e+00
6.674017085084099854e+00
6.673685572555331902e+00
6.674325223624794745e+00
6.673305731554224351e+00
6.673828745185002020e+00
6.673871277378695233e+00
6.673601555504139249e+00
6.673859673185017272e+00
6.673521718558581561e+00
6.674522064050611547e+00
6.673671866626393445e+00
6.673885737432820875e+00
6.673896107028928881e+00
6.674021037094495234e+00
6.674446940250406080e+00
6.673605335747299527e+00
6.673457354927245788e+00
6.673768809280210768e+00
6.673577456377950412e+00
6.674105137070355909e+00
6.674114797751492745e+00
6.673624497083507912e+00
6.673760607746736184e+00
6.673983941204642001e+00
6.674422099373654049e+00
6.673829598414337205e+00
6.673907532840496870e+00
6.673965630219160339e+00
6.673791296467578071e+00
6.673604642105543050e+00
6.673762254431318652e+00
6.674155889984069390e+00
6.674015174560494756e+00
6.673643601970412398e+00
6.673551227745091019e+00
6.674228910942754389e+00
6.673550548661250303e+00
6.673855917018717498e+00
6.674118079951025351e+00
6.674219428992786085e+00
6.673670509000179329e+00
6.673858680073033511e+00
6.673437708767179899e+00
6.674163006194821612e+00
6.674029469007827231e+00
6.673855468294281224e+00
6.673583117748839832e+00
6.674143641452581655e+00
6.673589520616103776e+00
6.674079615798974352e+00
6.674676642480386057e+00
6.673761190310033342e+00
6.674128505052089544e+00
6.674226345993943710e+00
6.673886350085560970e+00
6.674003431434513800e+00
6.673533267199222685e+00
6.674057793753059187e+00
6.673674184330530501e+00
6.673691552378472558e+00
6.674372861334320284e+00
6.673672091839933707e+00
6.673256382552556154e+00
6.674203037441256647e+00
6.673896688608596861e+00
6.673586856117971422e+00
6.673486487730547978e+00
6.673758330725678256e+00
6.674084845813857747e+00
6.673822381999162445e+00
6.673548103112664442e+00
6.673351875246853915e+00
6.673489271016993740e+00
6.673069794181213155e+00
6.673562522065371816e+00
6.673798501332237620e+00
6.673763194033604407e+00
6.673880769520181389e+00
6.673751010320682298e+00
6.673874630704714761e+00
6.674112439898322258e+00
6.673969398789408203e+00
6.674229424396664889e+00
6.674286951141590762e+00
6.673771117582208312e+00
6.673891373172888386e+00
6.674084209977826809e+00
6.674205900349333476e+00
6.673768070330956981e+00
6.674090255799153049e+00
6.674049073309317848e+00
6.673847525476131359e+00
6.673630355205691700e+00
6.673654685973389178e+00
6.673943599469401633e+00
6.674156140234164702e+00
6.673635920851181069e+00
6.673490670386075685e+00
6.673912436168888185e+00
6.674053373382702326e+00
6.673668686123059857e+00
6.673814336552132964e+00
6.673734481746423697e+00
6.673804384544977708e+00
6.674002661878363440e+00
6.673896844900093939e+00
6.673997001211088076e+00
6.674345626255367314e+00
6.674225427857811255e+00
6.673904213062217927e+00
6.674306752124241626e+00
6.673466142516454092e+00
6.673425701955334688e+00
6.674235338634550097e+00
6.674067298912930823e+00
6.673634958283989782e+00
6.673923152691700444e+00
6.674312476407133765e+00
6.673837682190476350e+00
6.674155676212636834e+00
6.673760015607505203e+00
6.673102436680280469e+00
6.673880866067871231e+00
6.673805749631346096e+00
6.673711261835885367e+00
6.674367951589450954e+00
6.673752514485497223e+00
6.674262204490764461e+00
6.673796109384146469e+00
6.674278381653274472e+00
6.673346782487896256e+00
6.673839393582230883e+00
6.673976307790895568e+00
6.673916659072262725e+00
6.673233509654011186e+00
6.673662171143827315e+00
6.673747073248581074e+00
6.673665157801522696e+00
6.673977229897869456e+00
6.673744934044552934e+00
6.674163353279266353e+00
6.674230995198120020e+00
6.673519261246606327e+00
6.673730741642974529e+00
6.674031455701666893e+00
6.673742582933699374e+00
6.673600930577758383e+00
6.674132294628858375e+00
6.673515724596629894e+00
6.673641115313900585e+00
6.673377070322289661e+00
6.674421537926849446e+00
6.673945431249031834e+00
6.673475724435029122e+00
6.673899160085296600e+00
6.673679575028979016e+00
6.673564145819000260e+00
6.674213469084188333e+00
6.674169931642641274e+00
6.673856038555888937e+00
6.673698033731133350e+00
6.673903785022666568e+00
6.673718632307962473e+00
6.673375507831703857e+00
6.673026271231197626e+00
6.673970001879641956e+00
6.674366667708177658e+00
6.673332208733206983e+00
6.673809252172072881e+00
6.674126248995146504e+00
6.673697798169770934e+00
6.674282635699841038e+00
6.673913453366981940e+00
6.674456892634480276e+00
6.674040622435190251e+00
6.674168171246157577e+00
6.673957788239651023e+00
6.673437280095333435e+00
6.673536386893384353e+00
6.674142992681380449e+00
6.674339791388692156e+00
6.673921011343553644e+00
6.673557005420580168e+00
6.673774287212337342e+00
6.673517362139341991e+00
6.673880105845318766e+00
6.673817440644948640e+00
6.673350877354701893e+00
6.674086667964920672e+00
6.674105677971879480e+00
6.673803638915604353e+00
6.673770316251774304e+00
6.673316991928214925e+00
6.673579316938973882e+00
6.673439093169751146e+00
6.674033171087260463e+00
6.674131046071884121e+00
6.673648432899248029e+00
6.674006784685254878e+00
6.673873638954993304e+00
6.673718062419819574e+00
6.673634313172490451e+00
6.674342147184958662e+00
6.673831474900863370e+00
6.673856915549317037e+00
6.673893539054728485e+00
6.674023801276557144e+00
6.673771676976769207e+00
6.674104790705640333e+00
6.673417752439735118e+00
6.674191840947002241e+00
6.674248855369271816e+00
6.674170450353038575e+00
6.673315533395340005e+00
6.674113289830446050e+00
6.674164551530535228e+00
6.674039673567564002e+00
6.673853497047965710e+00
6.674100261820919755e+00
6.673890176511330097e+00
6.673661580514169245e+00
6.673761478258449564e+00
6.673927737008394701e+00
6.674170068234446695e+00
6.673658813521280209e+00
6.673931469078360657e+00
6.673805455149508070e+00
6.673981594688597418e+00
6.673830290285532207e+00
6.673733348240253882e+00
6.673990044482449591e+00
6.674309433198361674e+00
6.673486180709423010e+00
6.672966530554645281e+00
6.673793304605408316e+00
6.673922038951112690e+00
6.673482695080598326e+00
6.673785506094129794e+00
6.674182743546497321e+00
6.673845538637218411e+00
6.673645556647718635e+00
6.673839889905590184e+00
6.673946835790712129e+00
6.674024681420513971e+00
6.673835886409865914e+00
6.673196252122821193e+00
6.673398141622223001e+00
6.674556439640506156e+00
6.673576619776015129e+00
6.673594745333538469e+00
6.674068855559573521e+00
6.673795609214408842e+00
6.674769414586981142e+00
6.673958056832735686e+00
6.673822957512745901e+00
6.673621549344852077e+00
6.674041179274967206e+00
6.674292454186730339e+00
6.673763223029236080e+00
6.673721010211081328e+00
6.673803816966015212e+00
6.673763730872809496e+00
6.673911581817252525e+00
6.673901936106402921e+00
6.674369802012281028e+00
6.673764190994410761e+00
6.673815614460049339e+00
6.673603463938460933e+00
6.674085499210769434e+00
6.674696955058197823e+00
6.674435654529739637e+00
6.673498887495783016e+00
6.674085865702420683e+00
6.673411331510672895e+00
6.673726574927600019e+00
6.673809252116408963e+00
6.674331662745687233e+00
6.674178599835392411e+00
6.674107768288303433e+00
6.673765203001529756e+00
6.674023819026658089e+00
6.673782962067196678e+00
6.674180113770153078e+00
6.674149383563842797e+00
6.673998961426006460e+00
6.673993079505032178e+00
6.673921237334244694e+00
6.673338132042670345e+00
6.673807665030345504e+00
6.674142219562350320e+00
6.673638821970692803e+00
6.673585758339505958e+00
6.673861546279654888e+00
6.674160705756058576e+00
6.674201191777456188e+00
6.673625097607980727e+00
6.673536606164582885e+00
6.673843970500706213e+00
6.674135837437951579e+00
6.673759790268011471e+00
6.673876388618964484e+00
6.673627904646543207e+00
6.674305964161218796e+00
6.674240976684542304e+00
6.674128978740745843e+00
6.673810804951317621e+00
6.674128273764797115e+00
6.673779985888641519e+00
6.673754902893229257e+00
6.673969976305628826e+00
6.673590604765841761e+00
6.674341062183858142e+00
6.673628016178302147e+00
6.673739633102539592e+00
6.673889883958645797e+00
6.673992146683684901e+00
6.673881495137467645e+00
6.673503353057867571e+00
6.673793665187477409e+00
6.673611748607044092e+00
6.673722641289185908e+00
6.673665146675418214e+00
6.673914750580886235e+00
6.673453646190948163e+00
6.674189795669451364e+00
6.673887018867640464e+00
6.673651994750628091e+00
6.673813299284122813e+00
6.673749314657954734e+00
6.673900138665394444e+00
6.674314326265206709e+00
6.673931549249029871e+00
6.673730794160186441e+00
6.674110379351685829e+00
6.673760993722547497e+00
6.673882455281662018e+00
6.674337225375354343e+00
6.673963979727385087e+00
6.673592020821378590e+00
6.673960955297841835e+00
6.673477010943600796e+00
6.673575884848894191e+00
6.673874821069894381e+00
6.673577861108952902e+00
6.673950006581494065e+00
6.674389349894141787e+00
6.673448713934933885e+00
6.674333977233761317e+00
6.673722679815319303e+00
6.673950031181912657e+00
6.673746066369729668e+00
6.673996233152976743e+00
6.673162772881937599e+00
6.673652870309628504e+00
6.673522095128040732e+00
6.673416426638672405e+00
6.673808058049964131e+00
6.674171088981999844e+00
6.673844694489062590e+00
6.673788982823761096e+00
6.673371818681472334e+00
6.673683913891347075e+00
6.673946231473089519e+00
6.673429257969635486e+00
6.674211480502902027e+00
6.673649385695273217e+00
6.674099397586116034e+00
6.673714281470457088e+00
6.673738168335259680e+00
6.673809517864370378e+00
6.673613630308451228e+00
6.673460517371521128e+00
6.674340560236727171e+00
6.673415937574342038e+00
6.673947826286265261e+00
6.674328601792317350e+00
6.673880664015004349e+00
6.673740487902787066e+00
6.674022603846364809e+00
6.673888086742572945e+00
6.673495133181677197e+00
6.674242003830549663e+00
6.673599614903880983e+00
6.674147874202859931e+00
6.673956669840920064e+00
6.674214558924296270e+00
6.674214792904477278e+00
6.674181408360144729e+00
6.673450087360352612e+00
6.674277272591866428e+00
6.673808647857317311e+00
6.673962310000212561e+00
6.673485405704842499e+00
6.674355013191378916e+00
6.673639918952839700e+00
6.673730899970391484e+00
6.673846224229775359e+00
6.674140271568159477e+00
6.673494813857501207e+00
6.673941767734924646e+00
6.674180544346923760e+00
6.674030243443496602e+00
6.674034501499606087e+00
6.673859985469367651e+00
6.673535158522740041e+00
6.674123857533155402e+00
6.674213507210573937e+00
6.673845621523446958e+00
6.673656265660169673e+00
6.673752957420259868e+00
6.674314907588504653e+00
6.674003831230144179e+00
6.673258989356793514e+00
6.673737060716256941e+00
6.674045992121880211e+00
6.673775177180737650e+00
6.673669538332617002e+00
6.673914641171136530e+00
6.673698225668464268e+00
6.674252515352542936e+00
6.673927159095128125e+00
6.674574172605859168e+00
6.673641264244253080e+00
6.673348458592447408e+00
6.673443717618631865e+00
6.673785538413365082e+00
6.674116609833636637e+00
6.673748481996830684e+00
6.673319264353064995e+00
6.673667021224228613e+00
6.674227112594722122e+00
6.674109822478819787e+00
6.674174855508223203e+00
6.673745010186597604e+00
6.674086875889446269e+00
6.673921882200636091e+00
