6.672370436011957118e+00
6.672963912366494554e+00
6.672286489004367382e+00
6.672001487604593883e+00
6.673144548200611759e+00
6.672234643746765670e+00
6.672614298471762240e+00
6.671932745073781312e+00
6.672853603564695035e+00
6.672588824124765061e+00
6.672312859962962861e+00
6.672417447580855310e+00
6.673002586511477041e+00
6.672570576537194320e+00
6.673911250318433908e+00
6.672920267725798382e+00
6.672850751795701640e+00
6.672234463502314306e+00
6.673126104279258897e+00
6.672310593623785202e+00
6.673524213851089293e+00
6.673037362453856147e+00
6.671638867987564225e+00
6.672030692986734124e+00
6.672847276668802508e+00
6.673304910285118297e+00
6.672838877105370159e+00
6.672577166899387180e+00
6.671790789696455448e+00
6.672965965268434552e+00
6.672806855236872003e+00
6.672931853164460136e+00
6.672039251122345860e+00
6.672594518978806732e+00
6.672376668140389988e+00
6.673010573867426132e+00
6.672162318287786498e+00
6.672572067840071064e+00
6.672946677322980413e+00
6.672642231258161694e+00
6.672793405780302223e+00
6.673126108725699446e+00
6.673020046610494305e+00
6.672873418996264405e+00
6.673551466168714974e+00
6.672298273361870535e+00
6.673234197368892673e+00
6.672139051201069648e+00
6.671216318036824688e+00
6.672988714466349336e+00
6.671879286351243721e+00
6.672102969414124729e+00
6.672951936643992887e+00
6.673474983565262697e+00
6.671981207558962623e+00
6.672508023589304393e+00
6.673391876040144943e+00
6.672422462326543346e+00
6.672667734218968860e+00
6.672421755106476837e+00
6.672572288957836939e+00
6.672613477032640183e+00
6.673275555597896869e+00
6.672824769053273819e+00
6.672365219293738825e+00
6.672194088206536478e+00
6.673376364439176811e+00
6.672891821015874747e+00
6.672722856994041329e+00
6.672857780997898836e+00
6.672214839324998259e+00
6.672602639186357543e+00
6.672396759491003415e+00
6.671860840962834160e+00
6.672074351420241634e+00
6.672874465433370261e+00
6.672612034918500967e+00
6.672884543519740141e+00
6.672491461910588839e+00
6.672739562445311634e+00
6.672852616168450268e+00
6.672733252260028003e+00
6.672130577080516822e+00
6.672737514491988264e+00
6.672094022844639483e+00
6.672573266921286717e+00
6.672316596346528961e+00
6.673081963820320262e+00
6.672446127134965543e+00
6.672276791291850806e+00
6.672893292377602315e+00
6.672335609571950599e+00
6.672210260719194430e+00
6.672020386806885028e+00
6.673245163568400251e+00
6.672663006491533544e+00
6.672624285504865860e+00
6.673216980497375772e+00
6.671932219234347095e+00
6.672764550358430746e+00
6.673603764018741558e+00
6.673215386127462345e+00
6.672092721837749707e+00
6.672570100064310061e+00
6.672972516142674948e+00
6.673043953352457258e+00
6.673199123308632963e+00
6.672884850282561509e+00
6.673133903552990631e+00
6.672359444589467614e+00
6.671658257673391823e+00
6.672393345034945966e+00
6.672017044303204081e+00
6.672787682134138088e+00
6.673200832248465275e+00
6.672834663373805597e+00
6.673106914106819332e+00
6.672669997976321987e+00
6.672627327808674735e+00
6.672237898418506674e+00
6.672843827333374556e+00
6.672397559818824320e+00
6.672514089420211292e+00
6.673335821437453852e+00
6.672202879362362893e+00
6.672816763337975132e+00
6.672869559140063522e+00
6.672707098740859877e+00
6.672560543631272267e+00
6.672072852597678683e+00
6.672332100584987380e+00
6.673598852661767111e+00
6.672510835567736720e+00
6.672482101928260079e+00
6.672920740246999216e+00
6.672367895941417437e+00
6.671991101797545731e+00
6.672721712109190406e+00
6.671411669198320737e+00
6.673188780590228575e+00
6.671713789418967977e+00
6.672329189806048610e+00
6.671769189979067427e+00
6.672197014548698846e+00
6.671677984752150792e+00
6.673113787712978251e+00
6.671992384742142512e+00
6.672496976581607342e+00
6.672836858474920696e+00
6.671987436492885948e+00
6.672825545146144677e+00
6.673142801321876760e+00
6.671537625760448620e+00
6.672113416490486060e+00
6.672445029951666662e+00
6.673202196902151329e+00
6.671871398436294065e+00
6.673076804212823454e+00
6.672251220499128443e+00
6.672663382786168995e+00
6.672584426293860282e+00
6.673063061693985887e+00
6.673082820030855622e+00
6.672829961467061644e+00
6.672533534215873807e+00
6.672895581606782756e+00
6.673466515486964568e+00
6.671875974414993138e+00
6.672736870825882072e+00
6.672894338429748551e+00
6.672048739094987191e+00
6.671906579141421822e+00
6.673770044142184332e+00
6.672224346538503603e+00
6.672732669042006570e+00
6.671901719944451692e+00
6.672000269399354089e+00
6.671457287329531916e+00
6.672537782802437256e+00
6.672951739304003205e+00
6.673613870909598234e+00
6.672882587886334704e+00
6.672625375198295572e+00
6.672274039222219955e+00
6.671999109694128904e+00
6.672779784438557016e+00
6.672851867945234439e+00
6.672696692493502724e+00
6.672547796391872232e+00
6.672345004640769517e+00
6.672822042307787527e+00
6.672238720974412729e+00
6.672454711932270577e+00
6.672977856625155191e+00
6.672627964945879953e+00
6.673160697181674372e+00
6.672723657509617823e+00
6.672288551461700301e+00
6.671838993547360985e+00
6.672846395147795207e+00
6.672657939850337172e+00
6.672863513621289044e+00
6.672338166785046099e+00
6.671922218491900480e+00
6.672378950871021175e+00
6.672955792421329413e+00
6.672146585524843410e+00
6.673347806877912625e+00
6.672618836052562230e+00
6.672103934488604615e+00
6.672615075270465823e+00
6.672157600328470828e+00
6.672636503401299990e+00
6.672895342108355443e+00
6.673156189000383876e+00
6.672787883920892504e+00
6.672088897455069834e+00
6.672286337695047642e+00
6.673631165504770202e+00
6.673055189251425823e+00
6.672639361506077726e+00
6.671968242058679444e+00
6.672509323609846277e+00
6.672990487143812821e+00
6.673168303260306189e+00
6.672154709461049826e+00
6.672396279328901336e+00
6.673593892443052233e+00
6.672631327072785723e+00
6.672631154356297500e+00
6.672307251176153642e+00
6.672362853142505656e+00
6.673138652228552736e+00
6.672456101973635256e+00
6.674259871315085135e+00
6.672869184362951067e+00
6.671833024181790250e+00
6.672688126182451995e+00
6.672792338017344171e+00
6.671685487492767130e+00
6.671940826659430002e+00
6.672538442321906516e+00
6.672802649262334462e+00
6.672081271193808227e+00
6.672153071490813936e+00
6.672153814915364300e+00
6.672059860212391058e+00
6.672482091312533115e+00
6.672671702889391376e+00
6.671570280576462508e+00
6.672552000754491175e+00
6.672728251136984312e+00
6.672482450912918139e+00
6.672698183575103137e+00
6.673037036439348313e+00
6.672761523104484560e+00
6.671941317437037000e+00
6.671717070696741025e+00
6.672814675420167596e+00
6.673530838741242199e+00
6.673255458871366841e+00
6.672613685896529923e+00
6.672524379253769844e+00
6.672335273901542685e+00
6.671508144528932149e+00
6.672768066621744154e+00
6.671998638710860519e+00
6.672670757964686672e+00
6.673357049540544317e+00
6.673202895072299690e+00
6.673134198736038414e+00
6.673953887330179136e+00
6.672613845329986582e+00
6.671921817723811543e+00
6.671991551888548422e+00
6.673301969081304463e+00
6.672852419730290308e+00
6.672002774894649768e+00
6.673259989524989777e+00
6.672533528549060122e+00
6.672208405721734792e+00
6.672905230964693679e+00
6.671935697533889709e+00
6.672272002084536524e+00
6.672524533166795280e+00
6.672911740007692494e+00
6.672913552471369414e+00
6.671903749217318769e+00
6.673146020081533791e+00
6.672541957533906221e+00
6.673796773455498155e+00
6.673503006025723217e+00
6.672921878698350184e+00
6.672945577268139417e+00
6.672469985214576127e+00
6.672629893026733150e+00
6.673397135143511960e+00
6.672018480779794203e+00
6.671979249806319956e+00
6.672795046201970059e+00
6.672022466284103004e+00
6.672797221592155381e+00
6.672374603831027429e+00
6.671785766792297956e+00
6.673302881957866362e+00
6.671696569622120876e+00
6.672851391499099449e+00
6.672685952292020772e+00
6.672675120185232345e+00
6.672101944795596928e+00
6.672121415834798341e+00
6.672340005694842091e+00
6.673524797500110850e+00
6.673517562248674651e+00
6.672363605641318252e+00
6.673183762908541539e+00
6.673079269294132310e+00
6.673058428205355774e+00
6.671863510788655915e+00
6.672469089399830189e+00
6.672025987122836455e+00
6.673146071079977482e+00
6.672717000155553357e+00
6.672224165817769226e+00
6.672668681146035397e+00
6.672361725037465163e+00
6.672039296770607031e+00
6.671988679765120445e+00
6.673018327787867854e+00
6.673095895877978023e+00
6.672279672331141498e+00
6.672833788826146417e+00
6.672554333185423125e+00
6.671979149296003442e+00
6.672635845678716038e+00
6.672302962365961321e+00
6.671918560121455677e+00
6.672985853218244223e+00
6.672084807481763136e+00
6.671792272324005069e+00
6.672532446798901340e+00
6.673287307754862674e+00
6.672319819653094619e+00
6.673453055580126581e+00
6.672590759064910060e+00
6.672265278229755125e+00
6.671505215577052006e+00
6.672774180563630253e+00
6.672397003934831261e+00
6.672071728009809632e+00
6.672467185936447720e+00
6.672499951956215369e+00
6.673138216006317514e+00
6.672912103413520590e+00
6.672050881099612418e+00
6.673110880057827821e+00
6.672964548982019295e+00
6.672698878226656305e+00
6.672158503915841976e+00
6.673079462443251231e+00
6.672468254664255305e+00
6.672749028071378596e+00
6.672480112755574844e+00
6.673036998216418603e+00
6.673033003525739026e+00
6.672572406464041705e+00
6.671984205872847795e+00
6.672854232575098798e+00
6.672386062141239194e+00
6.672564656771349689e+00
6.672306203378492562e+00
6.672520800471960278e+00
6.672295637228986109e+00
6.672444183121243100e+00
6.672400821624718148e+00
6.673065650715996000e+00
6.672899317592861479e+00
6.672367933801371720e+00
6.671939192552825304e+00
6.671924998538647067e+00
6.672234952011985243e+00
6.672261421344871657e+00
6.672592923418228850e+00
6.673345571316409597e+00
6.673045608279279506e+00
6.672765088031021641e+00
6.671788957191703062e+00
6.672536138769872061e+00
6.673175896787443939e+00
6.672852438159081245e+00
6.672616660961143253e+00
6.672716948538819359e+00
6.672641768645565463e+00
6.672352793783987046e+00
6.672082935298485395e+00
6.672956671512570104e+00
6.671526288927270620e+00
6.673335282720157302e+00
6.672860773445751903e+00
6.672542042990483147e+00
6.671656972732866286e+00
6.672916802242667700e+00
6.672709627498944585e+00
6.673175948747052111e+00
6.672146774737357511e+00
6.672886316175368648e+00
6.673347549571651882e+00
6.673179814194887705e+00
6.672449400141901243e+00
6.672667405799018070e+00
6.672641495304175940e+00
6.672670374491207923e+00
6.672314030315653177e+00
6.672486215503520945e+00
6.671981169661862054e+00
6.672740750862945269e+00
6.673540646698018719e+00
6.672136089505595891e+00
6.672230453504157666e+00
6.673366445823969428e+00
6.671664175740890101e+00
6.672415217361385764e+00
6.671632832612258035e+00
6.671841433784461373e+00
6.672635118791589548e+00
6.672860488529825496e+00
6.672453350354592416e+00
6.672381303767787486e+00
6.673289100990815292e+00
6.673109961932390810e+00
6.672625902684616861e+00
6.673911519355574029e+00
6.672943047189944465e+00
6.672088039846220120e+00
6.673175083463523727e+00
6.672123325999792520e+00
6.672351940316594288e+00
6.672845958754328954e+00
6.672816803762332327e+00
6.672575586726034125e+00
6.671773204722941664e+00
6.672336989717708278e+00
6.672156155766728602e+00
6.672343515755847498e+00
6.673465129349680502e+00
6.673080455703876090e+00
6.673139078889815501e+00
6.672862187840512327e+00
6.672246940487403855e+00
6.671808281004694585e+00
6.673486858906638730e+00
6.672857108848870844e+00
6.672963357005235352e+00
6.672663767914013278e+00
6.672803220239376998e+00
6.672763337426437680e+00
6.673133252130256210e+00
6.672746275573676833e+00
6.672514501191065150e+00
6.672685422868414484e+00
6.672600361182700723e+00
6.672499147840673217e+00
6.672843353962699453e+00
6.672789639178296817e+00
6.672659331949594375e+00
6.672355443483830584e+00
6.672887580335639335e+00
6.672989254523637115e+00
6.672279360782737534e+00
6.672995832779571757e+00
6.673530727429306530e+00
6.672026534880860282e+00
6.672390105193998444e+00
6.673147373444515473e+00
6.672246051359693730e+00
6.672605436611497964e+00
6.672802999374860100e+00
6.671681118563600243e+00
6.672966922345633378e+00
6.673343732703210129e+00
6.673198204107906761e+00
6.673007591800556249e+00
6.673427101806331585e+00
6.673156645724778180e+00
6.671972252612777154e+00
6.672762284413075839e+00
6.673054549875563346e+00
6.672851647049003354e+00
6.672793592788309525e+00
6.673081405124807297e+00
6.673453115234693200e+00
6.672025663578660115e+00
6.672508019580886796e+00
6.672778339462291264e+00
6.671903176644349287e+00
6.672513324303920079e+00
6.672575738374252552e+00
6.672170216403377374e+00
6.672966549624193000e+00
6.673229695244911497e+00
6.673128357977217817e+00
6.672564923338834220e+00
6.672191781539807742e+00
6.672508354893793125e+00
6.672602926438326421e+00
6.673599366572485536e+00
6.672940532356727239e+00
6.672486011427329444e+00
6.673037621997771396e+00
6.672615337939633129e+00
6.672786351772393765e+00
6.672997588021385873e+00
6.672705622344294873e+00
6.672904946732680642e+00
6.673013115535394668e+00
6.673359417557102269e+00
6.672055093070291321e+00
6.671840300624971576e+00
6.671763294810043377e+00
6.672100512620639634e+00
6.672255378877213872e+00
6.672567069981368171e+00
6.672581756329315716e+00
6.671731575211977905e+00
6.672691109963721168e+00
6.672656774704271321e+00
6.672612806504996108e+00
6.672157154284258596e+00
6.672350483055486059e+00
6.673985768455684031e+00
6.672626814171099596e+00
6.673335736794560269e+00
6.672826515263305502e+00
6.673799647523508405e+00
6.672010465778376087e+00
6.673469332521978714e+00
6.673196198667682211e+00
6.672372478596719780e+00
6.672420482149314047e+00
6.671658309911690843e+00
6.671999455128055700e+00
6.672877377376236652e+00
6.673576046555887764e+00
6.672697802313404480e+00
6.673120295746489461e+00
6.672090177482511208e+00
6.672515170346311031e+00
6.672768004958276933e+00
6.673188880634584486e+00
6.672422082375705443e+00
6.672492223014039325e+00
6.673415490938738870e+00
6.673368025479654797e+00
6.671513908474826948e+00
6.672365971375026739e+00
6.672224919235137719e+00
6.673216747997776643e+00
6.673495807580619221e+00
6.672549769955445242e+00
6.671482653468825852e+00
6.673409983404442691e+00
6.672761134156735885e+00
6.672594985061452988e+00
6.672766989377027613e+00
6.672074089619884241e+00
6.672813789348331248e+00
6.672718807773292404e+00
6.672234629984455268e+00
6.672490391452368108e+00
6.673675751698289638e+00
6.672692303250582491e+00
6.671704562366281621e+00
6.672602383835384288e+00
6.672777603885919895e+00
6.672625909268507627e+00
6.673002991117161997e+00
6.672532068294243501e+00
6.673753734816248340e+00
6.672184299872911950e+00
6.672595207435054299e+00
6.672789532929611411e+00
6.672306984252197815e+00
6.671906429325701104e+00
6.672362029944729045e+00
6.673434600196557653e+00
6.673219476236898373e+00
6.672198491607010062e+00
6.672046073914066788e+00
6.672359181372255144e+00
6.673613498365552843e+00
6.673242113312093160e+00
6.672649330883823282e+00
6.671974730376772023e+00
6.672757644272188315e+00
6.672748584122811799e+00
6.671521383577849740e+00
6.671855921459560967e+00
6.672320416091933382e+00
6.672606270570625497e+00
6.672263685779713072e+00
6.672292711222154615e+00
6.672917791665446963e+00
6.672078816516454403e+00
6.672942145137665371e+00
6.673048276928589928e+00
6.672846147644762915e+00
6.672632019732114728e+00
6.672978294729499105e+00
6.671699437855913573e+00
6.670741434891736432e+00
6.672666592082407533e+00
6.671284037339090034e+00
6.672836421469408030e+00
6.672270410261420537e+00
6.672720485684534353e+00
6.673104824003480928e+00
6.672379361007503284e+00
6.671479370084742122e+00
6.671995080600169103e+00
6.672079255233544615e+00
6.673124486435896507e+00
6.673167686389484210e+00
6.672037010906802124e+00
6.672824970377475573e+00
6.672332095986219791e+00
6.673666786255338046e+00
6.672275659417213234e+00
6.672888262190977748e+00
6.672682630865042874e+00
6.672056661565832769e+00
6.672728755699872671e+00
6.673266817615350455e+00
6.672208900034636514e+00
6.671977061857007563e+00
6.672762298998377695e+00
6.672321908959268022e+00
6.672807920725260189e+00
6.672665542233407798e+00
6.672515507395949008e+00
6.671907880846596584e+00
6.672721747458593811e+00
6.673222078580230310e+00
6.672546369121925558e+00
6.672714712907409584e+00
6.672152091440389121e+00
6.673645491198708868e+00
6.672333214298524773e+00
6.672639588898496399e+00
6.673025717675666435e+00
6.672350374945478890e+00
6.672506302733016703e+00
6.672780453557552782e+00
6.673818021800632216e+00
6.673317479244338379e+00
6.672923578870084249e+00
6.672624812528572313e+00
6.672752077515675673e+00
6.672430143356416821e+00
6.671950326812739362e+00
6.672541293474250956e+00
6.671927614370748216e+00
6.672326198552291920e+00
6.673217033936102105e+00
6.671761663387637320e+00
6.672231715947779307e+00
6.672733068436750514e+00
6.671951031728847958e+00
6.673683820509155318e+00
6.672842812120987510e+00
6.672294119698864989e+00
6.672829502481574693e+00
6.672452072337573092e+00
6.672580198269367990e+00
6.672127054575279104e+00
6.672968248134570679e+00
6.670752897761161648e+00
6.673362052615376072e+00
6.672329533225507703e+00
6.672446547164643249e+00
6.672434815701484112e+00
6.671971693028820205e+00
6.673003106137360696e+00
6.672783018724216753e+00
6.671926442692414305e+00
6.672000515892604788e+00
6.672568611915744796e+00
6.672080953088876498e+00
6.672429292056520467e+00
6.672378421657636949e+00
6.672034431158770929e+00
6.672258505417796748e+00
6.673338543218952701e+00
6.673466660660160699e+00
6.673025331153443318e+00
6.672516250169278962e+00
6.672361893753855355e+00
6.672351080896270936e+00
6.672334486981986501e+00
6.673042566153980282e+00
6.672121278754791440e+00
6.672063717522466852e+00
6.672288257429518588e+00
6.672802989887228975e+00
6.672292352994819709e+00
6.673528952324194741e+00
6.672903429957266930e+00
6.672346543387871698e+00
6.672717028161236463e+00
6.672541688408428762e+00
6.672792799370078853e+00
6.672325149159568980e+00
6.673086525368666422e+00
6.672403386046660501e+00
6.672018036195958679e+00
6.672203900906551688e+00
6.672013288951573529e+00
6.672016945310350167e+00
6.673003375522939429e+00
6.672848868637076158e+00
6.672259610751286374e+00
6.673201638522738399e+00
6.673149650987079795e+00
6.672450134194392923e+00
6.671930970385228754e+00
6.672305244482907405e+00
6.672279057006649694e+00
6.671363577474185291e+00
6.672495489450351869e+00
6.672740445393369413e+00
6.672666070920843850e+00
6.672158031068721407e+00
6.672339038993118976e+00
6.672463501463663071e+00
6.672663746228887582e+00
6.671912784963069498e+00
6.672668414163475781e+00
6.672901460655576322e+00
6.671923560742517800e+00
6.672353792247906590e+00
6.672093291439686880e+00
6.672158177073130858e+00
6.671576629696509997e+00
6.671999815968552738e+00
6.673124525383216543e+00
6.672928217974498644e+00
6.672235567532189826e+00
6.671520609124634404e+00
6.671930689661863312e+00
6.672402694608914331e+00
6.672668973180604368e+00
6.672122267377784688e+00
6.673614309323050442e+00
6.670579159780432477e+00
6.671962262631212504e+00
6.672556111412059288e+00
6.671844480754758777e+00
6.671971828693878059e+00
6.672343905700153677e+00
6.672650878026207266e+00
6.673994036359881754e+00
6.673538436215382674e+00
6.672618968423488894e+00
6.672030611990660276e+00
6.673273983047144142e+00
6.672259632461792656e+00
6.672695893180763171e+00
6.672448891108744284e+00
6.672280343573507189e+00
6.672554463066497910e+00
6.672238504799893555e+00
6.672287902127577830e+00
6.671939695569170325e+00
6.672806214164017646e+00
6.672506454395982445e+00
6.672621339501247029e+00
6.672509781153631359e+00
6.672806240860245097e+00
6.672378569644974000e+00
6.672824447573505680e+00
6.672910809085809802e+00
6.672116509706009779e+00
6.672650789015652784e+00
6.673176695032693395e+00
6.672553155861792540e+00
6.672883393398637786e+00
6.672345682397402555e+00
6.673016678863396223e+00
6.672189379472227344e+00
6.672248590215013486e+00
6.672270080795051683e+00
6.672599741892986991e+00
6.672714810453670431e+00
6.672676099725074472e+00
6.673526069393011184e+00
6.672060859242109565e+00
6.671647908647700298e+00
6.672331519222646889e+00
6.672819783171460628e+00
6.672406394764520243e+00
6.672393965261774973e+00
6.672429567313935550e+00
6.672848830372839934e+00
6.672608569694117087e+00
6.673202917556397828e+00
6.673836219517821355e+00
6.671695168742393989e+00
6.672259220028508686e+00
6.672789393775699907e+00
6.672452370070977246e+00
6.672821786226355023e+00
6.673276758081420290e+00
6.672724432342010736e+00
6.672917064041582691e+00
6.672765951844812804e+00
6.672337871042489432e+00
6.673073240828844455e+00
6.671932868257921534e+00
6.671979219933658278e+00
6.672485096872476262e+00
6.672862979877356437e+00
6.672058587963346277e+00
6.672368514186165278e+00
6.672413168830454211e+00
6.672998846908265058e+00
6.671926875082280439e+00
6.672102619323117878e+00
6.671567109975272025e+00
6.672122699167145399e+00
6.672900367065237148e+00
6.672778975662915890e+00
6.673054496228010279e+00
6.672886565361757505e+00
6.671851506288875022e+00
6.672601676104241264e+00
6.672192883307260125e+00
6.671890819549203933e+00
6.672516834418495968e+00
6.672701958853610726e+00
6.673010306952211756e+00
6.672564098851185399e+00
6.672773829309019078e+00
6.672402915364544107e+00
6.671876755814587057e+00
6.672944902752168339e+00
6.673055521045294647e+00
6.672895381898840128e+00
6.672583733040497123e+00
6.672191804961016715e+00
6.672106069966431185e+00
6.672748840700858608e+00
6.672348901016660783e+00
6.672214452533987483e+00
6.672186394089352213e+00
6.673186119365325908e+00
6.672124472011943475e+00
6.672178613305507433e+00
6.671340050248873332e+00
6.671723750193148561e+00
6.672593880620635076e+00
6.672237895197195456e+00
6.672502776963936455e+00
6.672249809026875589e+00
6.672499610037688988e+00
6.672633685517292079e+00
6.672360420269251691e+00
6.672281798175481171e+00
6.672203649623984489e+00
6.672294225064498541e+00
6.672371755767588120e+00
6.672663679495322242e+00
6.672552157025585018e+00
6.672953625395193988e+00
6.672765591733163859e+00
6.673405551646863110e+00
6.672828953494456705e+00
6.673093625168847076e+00
6.672050485619864801e+00
6.672572244322533486e+00
6.672445446202233121e+00
6.672735788328886031e+00
6.673477052319689129e+00
6.673216688546363962e+00
6.672320306006588098e+00
6.672201982859998992e+00
6.673128005797378748e+00
6.672362709319385132e+00
6.672694689682834301e+00
6.673230210454928368e+00
6.672644637511992549e+00
6.672226325800400204e+00
6.673193011986198186e+00
6.671747305844693443e+00
6.673437582249334810e+00
6.672819675543676610e+00
6.673053030901257010e+00
6.672824921566824941e+00
6.673171960053835505e+00
6.671668937668179034e+00
6.671681582153222934e+00
6.672682869689961827e+00
6.671374546664452510e+00
6.673079469692901000e+00
6.672825802380886628e+00
6.672285490740285319e+00
6.672239082268470511e+00
6.672215028681481641e+00
6.672065111607707877e+00
6.672253835543649814e+00
6.672326473228221921e+00
6.673029952174700519e+00
6.673362866771338275e+00
6.672776036949358058e+00
6.672870823732355738e+00
6.671610475227894632e+00
6.672186757136756796e+00
6.672563654012349410e+00
6.671973301483426155e+00
6.672653685204255503e+00
6.672168114236279202e+00
6.671862091334020306e+00
6.672995328007333526e+00
6.672742367852463552e+00
6.672419299266001858e+00
6.672641549634418467e+00
6.672956136432206975e+00
6.673093237582638615e+00
6.672454296956184194e+00
6.672608456114190290e+00
6.671863002453567226e+00
6.671773227228772640e+00
6.672817289155116960e+00
6.673563165148110876e+00
6.672024375816345554e+00
6.672500037848364762e+00
6.672553057373624696e+00
6.672961584504664145e+00
6.672977811240082602e+00
6.672198732412335964e+00
6.672606916749217909e+00
6.672499366777581820e+00
6.672042904729761581e+00
6.671896505340439099e+00
6.673093940160960358e+00
6.672838354559447183e+00
6.673744374120061273e+00
6.672435227159656534e+00
6.672596079977374472e+00
6.671517370360935395e+00
6.671667732280415208e+00
6.673236859169323409e+00
6.672913748005382395e+00
6.673147210030314191e+00
6.672917633207717358e+00
6.672422861145649975e+00
6.673145769998481747e+00
6.672342649715700347e+00
6.673098747279182952e+00
6.672869290062277692e+00
6.673114617877032195e+00
6.672309328238474890e+00
6.672555599391692738e+00
6.672946484883456542e+00
6.673005242337103127e+00
6.672701168275543715e+00
6.671662319961897403e+00
6.672147032115305798e+00
6.672618270898572845e+00
6.673016632015124294e+00
6.673153230328559893e+00
6.672952546122214557e+00
6.671991676579765773e+00
6.672477740190605466e+00
6.672040193807855069e+00
6.673459300405776062e+00
6.672402534964461118e+00
6.672185725833543302e+00
6.672552123404750901e+00
6.672400232598111991e+00
6.673194419198148708e+00
6.671756511895701180e+00
6.673229375663994212e+00
6.672370382205643047e+00
6.672792923016062971e+00
6.672907205422247578e+00
6.672242160108144304e+00
6.671772996687443502e+00
6.672255215958331043e+00
6.672290218641514059e+00
6.672821191047074052e+00
6.672495703519899735e+00
6.673101166906563186e+00
6.672784547157907475e+00
6.673611980700053792e+00
6.672510615301476378e+00
6.672910870458076182e+00
6.672357688172698253e+00
6.672375061811370855e+00
6.672392798590383478e+00
6.672652906858566269e+00
6.672825137307951238e+00
