6.672709027394216008e+00
6.673086250014810261e+00
6.672466550519817297e+00
6.671589074224067772e+00
6.672610557622285832e+00
6.672065730635559966e+00
6.672714043541951412e+00
6.673188557846126301e+00
6.672081909454899318e+00
6.672974379354859487e+00
6.672016335978318224e+00
6.673126006461097326e+00
6.673083270562536917e+00
6.672632450320823416e+00
6.673371547498642364e+00
6.673428392901649353e+00
6.672716394333304990e+00
6.673242353430918428e+00
6.672350950337537334e+00
6.672722346734321519e+00
6.671949922892360441e+00
6.672895926476585693e+00
6.671754020625169090e+00
6.671897543009734477e+00
6.672597646705842322e+00
6.672487336341506037e+00
6.673390459764161342e+00
6.672989459408010582e+00
6.673947372968068947e+00
6.672484581629881006e+00
6.673276184058947180e+00
6.672967792948741206e+00
6.672298729431024533e+00
6.673214701445184360e+00
6.672722354634783137e+00
6.672401091883426005e+00
6.672721914220131723e+00
6.672600602312570572e+00
6.673235383620749417e+00
6.673175748475657976e+00
6.672633909036359334e+00
6.673388825674867242e+00
6.673228536240473296e+00
6.672503102554922627e+00
6.673187939029114446e+00
6.672547821883727970e+00
6.673407501399304387e+00
6.672653287098643915e+00
6.674036669068104111e+00
6.672691276056204934e+00
6.672876367318869129e+00
6.673363490576550205e+00
6.672714155599274832e+00
6.673171357340202725e+00
6.672576968967177002e+00
6.672383190400823949e+00
6.672585060620761510e+00
6.673640491614772685e+00
6.673504474962388855e+00
6.673230784431718909e+00
6.673009058340546140e+00
6.673784085296608382e+00
6.672460801292559474e+00
6.672742958148639936e+00
6.672774630138419205e+00
6.673141253890739755e+00
6.672064221647120874e+00
6.672272729015539916e+00
6.673136662748753167e+00
6.672726776834451812e+00
6.672626588164450645e+00
6.672854243122001705e+00
6.672606319744559755e+00
6.674016536931448584e+00
6.673277330049116607e+00
6.673470908177981720e+00
6.673185989586837508e+00
6.672136867712831432e+00
6.673190385049548645e+00
6.673356192084203720e+00
6.673038311392445188e+00
6.672918668782094720e+00
6.672881874414222203e+00
6.673274391915763104e+00
6.672568236430668875e+00
6.672676375701806606e+00
6.672807081679488661e+00
6.672841333625123994e+00
6.673281282485688415e+00
6.672500561588782908e+00
6.673236606943143912e+00
6.672915724640168911e+00
6.672569217515978757e+00
6.672576294213395265e+00
6.672299097554778236e+00
6.673048681183073150e+00
6.673852109585529213e+00
6.672291315261937861e+00
6.673549385458215966e+00
6.672359612761582071e+00
6.673426872254791142e+00
6.671583074182171558e+00
6.673058981255282518e+00
6.673983159522986597e+00
6.673242186080306837e+00
6.673913855929165528e+00
6.673726129691690545e+00
6.672775444022022384e+00
6.673262454145548084e+00
6.672984762866760455e+00
6.673577586464260136e+00
6.672657765793138296e+00
6.672996406426884519e+00
6.672518496736499216e+00
6.672345796107221894e+00
6.673121443177428169e+00
6.672683305927202824e+00
6.672400349539633346e+00
6.673127708087166710e+00
6.673025440795484542e+00
6.672668573280159166e+00
6.673236315447449662e+00
6.672333728393712526e+00
6.672292928878905016e+00
6.672033069398376703e+00
6.672159105818521674e+00
6.673260051399140025e+00
6.672418439781515609e+00
6.672842897583358912e+00
6.673001387329795087e+00
6.672716627197780248e+00
6.673389808268831658e+00
6.673858183027397750e+00
6.672333246382806671e+00
6.673089658042441918e+00
6.673440108238658297e+00
6.672538392607928692e+00
6.673351194622635596e+00
6.673323942073203341e+00
6.672897150491180263e+00
6.672912994858685387e+00
6.672820238483597954e+00
6.672893442432239475e+00
6.672571532655586779e+00
6.673073447078211373e+00
6.672939160171784678e+00
6.673199698042187933e+00
6.673117618140216756e+00
6.673649325185629699e+00
6.673219435202890182e+00
6.673465895859776786e+00
6.672987264670479313e+00
6.672742301148597122e+00
6.673522714854309257e+00
6.672247703870822555e+00
6.672270420277599534e+00
6.673143764647179843e+00
6.672775791015214786e+00
6.672257313523361155e+00
6.673922234289323185e+00
6.672970744906593588e+00
6.673566184058400630e+00
6.673533400635597523e+00
6.673354631541920767e+00
6.672678697280203686e+00
6.673268511665419567e+00
6.672430115581985177e+00
6.673350164588548239e+00
6.672754384452618481e+00
6.672108052626765762e+00
6.672929454533421456e+00
6.673088742462829792e+00
6.673824860544771198e+00
6.672688781959147164e+00
6.672739638394187267e+00
6.672454326135405012e+00
6.671971757400642744e+00
6.673541613291238406e+00
6.672662051646754300e+00
6.673013053475885137e+00
6.672937014972491809e+00
6.673040686909007313e+00
6.672465014061626398e+00
6.673313735288012971e+00
6.673082193709909404e+00
6.672868767709337234e+00
6.673843881419606383e+00
6.672454608367096363e+00
6.671964014592009384e+00
6.672034504180242465e+00
6.672665144488685307e+00
6.673170111319144837e+00
6.673625092557466054e+00
6.673803600223208399e+00
6.672159126054438616e+00
6.673389006393206202e+00
6.672839308536300251e+00
6.672506012054118862e+00
6.672974567956330816e+00
6.673396668116706287e+00
6.672444221716460788e+00
6.672912690320908169e+00
6.672712788170631626e+00
6.672411388593513237e+00
6.672815000190547963e+00
6.672461852771458979e+00
6.673088902555384117e+00
6.673160425361784220e+00
6.672980108587282189e+00
6.672408307464899657e+00
6.672932187260294690e+00
6.672623523857455829e+00
6.672272663758819000e+00
6.672086531152833011e+00
6.673184464162362772e+00
6.672841637847218621e+00
6.672909902207491584e+00
6.673263177147281233e+00
6.672379036498787386e+00
6.672761467787566403e+00
6.672623781824933431e+00
6.673346907214535051e+00
6.672101423147489108e+00
6.673009169642972971e+00
6.672497245898871832e+00
6.673081623257174577e+00
6.673435662772320143e+00
6.672729848577492184e+00
6.673865280727325100e+00
6.672698864365946392e+00
6.672713410943305057e+00
6.672349205102980463e+00
6.672383228619275464e+00
6.672644019371876567e+00
6.672955003839782684e+00
6.673064175441121293e+00
6.672860996965479963e+00
6.673126886120265944e+00
6.672709458329594057e+00
6.672687099527083276e+00
6.673084676035686336e+00
6.672771004066206935e+00
6.672279889430111410e+00
6.672767132015632541e+00
6.673002243108228981e+00
6.673117833862599824e+00
6.673853658035049818e+00
6.674104053277492454e+00
6.672834481552698094e+00
6.673013943497778655e+00
6.673499850223693741e+00
6.673357245134824645e+00
6.673153897802945878e+00
6.673431059005715760e+00
6.673546441411129848e+00
6.672935118272050659e+00
6.673080752351110867e+00
6.672755272011603012e+00
6.672980338628914154e+00
6.672399880641880721e+00
6.673130611603457218e+00
6.673116611459630754e+00
6.673274739859524907e+00
6.673168836137123527e+00
6.672562673183877635e+00
6.673022536596771026e+00
6.672786532005188675e+00
6.673851790718154930e+00
6.672520957082419102e+00
6.673268352037234230e+00
6.672792803947362295e+00
6.672117715709760866e+00
6.673577412099063189e+00
6.673458048200336279e+00
6.672971283544485210e+00
6.672648342168143287e+00
6.672985186228591381e+00
6.673090913833948257e+00
6.672227745474504701e+00
6.672939561986014567e+00
6.673488875995386316e+00
6.672746816542252546e+00
6.673083506223422390e+00
6.672904750640305416e+00
6.673172469125772110e+00
6.672746750635073276e+00
6.673106572558726413e+00
6.672206273573306312e+00
6.672863853914382304e+00
6.673324386202695635e+00
6.673438492770245034e+00
6.672739868508051231e+00
6.673293472881074884e+00
6.671445789376930335e+00
6.673016312085322532e+00
6.672859391263403772e+00
6.671744832718271567e+00
6.673015899738877543e+00
6.672608089711992818e+00
6.672897393674190880e+00
6.673025367168664346e+00
6.672802840323226015e+00
6.672118110880857600e+00
6.673329176995229872e+00
6.673897662132739939e+00
6.673444958610302180e+00
6.672656312242494003e+00
6.672872693664502641e+00
6.673930178871539276e+00
6.673466793126231700e+00
6.671262426213163899e+00
6.673199553855150512e+00
6.672292601418990721e+00
6.673597086874978324e+00
6.672913996693892180e+00
6.672716583171287574e+00
6.674111442143346729e+00
6.672266586111470943e+00
6.672838044150209313e+00
6.673994370690129685e+00
6.673309713103375174e+00
6.673229807374955413e+00
6.672883873787368358e+00
6.672586684854775463e+00
6.672616949125965036e+00
6.672922315096296408e+00
6.672480543525963093e+00
6.673957136283272362e+00
6.673279264170531633e+00
6.672592680923892239e+00
6.673241683136968305e+00
6.673193430581376262e+00
6.673432183858723832e+00
6.672044654318626478e+00
6.673216182960107545e+00
6.673029229842228460e+00
6.673510006760097646e+00
6.672222556021150552e+00
6.673027107938399816e+00
6.673143095624163301e+00
6.672713096704379510e+00
6.672294912000616307e+00
6.673093967127279313e+00
6.673214454289586151e+00
6.672561421764608980e+00
6.672961820009549960e+00
6.672656837162616483e+00
6.673343887577190436e+00
6.673363747213285180e+00
6.673208282120152823e+00
6.672860163681828105e+00
6.672910980602392961e+00
6.673224182445311570e+00
6.673026783280626262e+00
6.671429673279011041e+00
6.672804722419765966e+00
6.672610128914060468e+00
6.672035471962002084e+00
6.672841667219306494e+00
6.672901580196483273e+00
6.673969871936291653e+00
6.673419859527814246e+00
6.673145369514853265e+00
6.673579425776111407e+00
6.671823891969720144e+00
6.673396588392151330e+00
6.673015895654808460e+00
6.672569412879245654e+00
6.672892444516799415e+00
6.673181061106300938e+00
6.672727280462919630e+00
6.673042397759623157e+00
6.673175426787864239e+00
6.673086491442643542e+00
6.672932072225363775e+00
6.672799907671672415e+00
6.672884660995207717e+00
6.672800024968496224e+00
6.672770079658824294e+00
6.672755988063616250e+00
6.672808770373140241e+00
6.673008949542023949e+00
6.672992166447094142e+00
6.673061603620388027e+00
6.672933929067923486e+00
6.672357766556814340e+00
6.673167685813305106e+00
6.672841861968110244e+00
6.672356772509740352e+00
6.673059727439650146e+00
6.673232585835531694e+00
6.671522809325648673e+00
6.672848807023945561e+00
6.672522483576856622e+00
6.674251103003614460e+00
6.672892074721218592e+00
6.673412401685818729e+00
6.672194596665063315e+00
6.673055643160589412e+00
6.672763277444025753e+00
6.673503619331114578e+00
6.673268553378257195e+00
6.673539545207666457e+00
6.672634286130882053e+00
6.672844054582625084e+00
6.673013364740786102e+00
6.673487991488396887e+00
6.673485976639773831e+00
6.672416343762313851e+00
6.673555937712111863e+00
6.672261728779759871e+00
6.673360070557223800e+00
6.672331160169425956e+00
6.673071101001698757e+00
6.672838128273151703e+00
6.672709301088509015e+00
6.672834000693909751e+00
6.673379953395725650e+00
6.673327652016189937e+00
6.672527667350921732e+00
6.672396059096294962e+00
6.672516170426942672e+00
6.672603101617735177e+00
6.671974594959364069e+00
6.672687568569839023e+00
6.672158039054636447e+00
6.672890658160848254e+00
6.672880945057010571e+00
6.673580581581818549e+00
6.672395454549950422e+00
6.673298006502783153e+00
6.672803585795802128e+00
6.673513642248466660e+00
6.673001316748561784e+00
6.673323885335118000e+00
6.671990075072750770e+00
6.672786885439568216e+00
6.672862415761454891e+00
6.673249395858526611e+00
6.673327182730083962e+00
6.673079423101032859e+00
6.673253958723979196e+00
6.673127830867033872e+00
6.672973931141605419e+00
6.672506666029968336e+00
6.673238782910354772e+00
6.672783315840622897e+00
6.673198420541718079e+00
6.672253785514390856e+00
6.672750942341528102e+00
6.673623833319932253e+00
6.672930989304197702e+00
6.672916820338748778e+00
6.672421024181307558e+00
6.672868436071908604e+00
6.672575952655660281e+00
6.672661896288020422e+00
6.673523894114223864e+00
6.672842431420868969e+00
6.673748173772394487e+00
6.672823469026757159e+00
6.672362486533010895e+00
6.673334193712034512e+00
6.672592352757906298e+00
6.672469281348059944e+00
6.672959685115759321e+00
6.673398879409159434e+00
6.672579573327910296e+00
6.672702261833756587e+00
6.672814555967751637e+00
6.673442589014115356e+00
6.672875036182305486e+00
6.672681548954213504e+00
6.673175562697560181e+00
6.673596181011931527e+00
6.672765168624191112e+00
6.672881271809049331e+00
6.673768063485816526e+00
6.673320798610501647e+00
6.672423119942930470e+00
6.672566269257119487e+00
6.672929522500121280e+00
6.672702784895335526e+00
6.672188868297195263e+00
6.672269978765995369e+00
6.672847383591501647e+00
6.672540747619803980e+00
6.672973009215301232e+00
6.672510673814708859e+00
6.672917385249106381e+00
6.672728537564483808e+00
6.673881652067565895e+00
6.674109705781178903e+00
6.673229787125428913e+00
6.673535701227596206e+00
6.671647856148809730e+00
6.672658268903806089e+00
6.673111424980694650e+00
6.673271853777884566e+00
6.673938901262090440e+00
6.672160710589833954e+00
6.672334169931620096e+00
6.672778100391848710e+00
6.672983241091088757e+00
6.672599808031071333e+00
6.674032078929227119e+00
6.672680471752905795e+00
6.673380530950675293e+00
6.672854125474200870e+00
6.671871375310368002e+00
6.672640761927157271e+00
6.673109549146001740e+00
6.672050748739824400e+00
6.672767070141975232e+00
6.672968711019819033e+00
6.673045740098811685e+00
6.672694842730304998e+00
6.672354162788994181e+00
6.673029344253537332e+00
6.672556845756718147e+00
6.672947955133518683e+00
6.672055423019043197e+00
6.672599265630654308e+00
6.672958123559332044e+00
6.673903086990260469e+00
6.672063102208478647e+00
6.673255888402069402e+00
6.673598039605394661e+00
6.673294170079591581e+00
6.672897995083246769e+00
6.672546760423615275e+00
6.673229926638340359e+00
6.672583236684742403e+00
6.672426961460284467e+00
6.672538818574561326e+00
6.672980386923773821e+00
6.672756614327862934e+00
6.673386177405648212e+00
6.673067238605973728e+00
6.672551260880433155e+00
6.672556213775408196e+00
6.673582243478469955e+00
6.672776913186015513e+00
6.673111851188672894e+00
6.673727202824005111e+00
6.673257818215907911e+00
6.672962130304413542e+00
6.673562754821162457e+00
6.672971637356542196e+00
6.673189510362728782e+00
6.673417168359504714e+00
6.673154667204807211e+00
6.673029684304802700e+00
6.673413616661989956e+00
6.672774236278013582e+00
6.673863250472108710e+00
6.672120253167863169e+00
6.672466966175254477e+00
6.672667932710223404e+00
6.672747912433991679e+00
6.673267904003577833e+00
6.672399155771006285e+00
6.672903602453251537e+00
6.673283217296433811e+00
6.672667554292250891e+00
6.672462348810826782e+00
6.672133076046256051e+00
6.673051524830356129e+00
6.673570115852273332e+00
6.672796128165503937e+00
6.672585591665677995e+00
6.673051610551476998e+00
6.671778351941119567e+00
6.673068578379395710e+00
6.672740488313134044e+00
6.672508650732020818e+00
6.672555034267702467e+00
6.673277059458239791e+00
6.673429216655249796e+00
6.673127233088071542e+00
6.673191376682079401e+00
6.673138804210291930e+00
6.672866764901876913e+00
6.672200198371215585e+00
6.672753433639416976e+00
6.673027446020329378e+00
6.673175833586922678e+00
6.671795725645487174e+00
6.672672155614740142e+00
6.672976457892035640e+00
6.671856338917641516e+00
6.673671040666099508e+00
6.673259670065482041e+00
6.673266232617065086e+00
6.672719907432000497e+00
6.673491998157892624e+00
6.673041384163080458e+00
6.671978499369958016e+00
6.672707726702007847e+00
6.672653933142768778e+00
6.673135819081265296e+00
6.671863746312136634e+00
6.672786090734682318e+00
6.672238139160269199e+00
6.672672055869212748e+00
6.673267824274660143e+00
6.672524505348752299e+00
6.672868253364517166e+00
6.672800109575675265e+00
6.672939897456013014e+00
6.672734499618077741e+00
6.673485891647529478e+00
6.672728453859503972e+00
6.672586071988864553e+00
6.672687460932732684e+00
6.673057420556641084e+00
6.673014709760018093e+00
6.673016664810345056e+00
6.672690541757722471e+00
6.672628328001676046e+00
6.673491230434033916e+00
6.672347429168082655e+00
6.672960447154935082e+00
6.672922142348272523e+00
6.673076795701270214e+00
6.672970998568485967e+00
6.673543193665528506e+00
6.673019949841150655e+00
6.673726520063175016e+00
6.672640448860859941e+00
6.673157356695096354e+00
6.672429320184390278e+00
6.672231340374552566e+00
6.673097510312045344e+00
6.672726828082057082e+00
6.673102975227057421e+00
6.673066692554034951e+00
6.673689426835460736e+00
6.672877831185303421e+00
6.673500666402122583e+00
6.671820240267775759e+00
6.672328394003340435e+00
6.672767165411671364e+00
6.673074150758163903e+00
6.672681304387883650e+00
6.672967987596766015e+00
6.672769148032451803e+00
6.673365645360445519e+00
6.672957277541681442e+00
6.672661524082925233e+00
6.672249761030861315e+00
6.672803340505810255e+00
6.673298268698768076e+00
6.672754043949656655e+00
6.673419870729743408e+00
6.672566048360565993e+00
6.671922969232886302e+00
6.673468531222117583e+00
6.672532065277266611e+00
6.672988363272867041e+00
6.673203601103117499e+00
6.673770762237246856e+00
6.673309158569245447e+00
6.673007184188280760e+00
6.673019320163172452e+00
6.673487191184194423e+00
6.673014916174922817e+00
6.673258726838758648e+00
6.672949190819287502e+00
6.673825010564669036e+00
6.673329177557035585e+00
6.672849862345026750e+00
6.672743998604491189e+00
6.673118266737920301e+00
6.672815869598266225e+00
6.672965018087785083e+00
6.673577309025024995e+00
6.672679401942305688e+00
6.672627979638544815e+00
6.672752086675527217e+00
6.672303503082568810e+00
6.672691127598974425e+00
6.672518058887320969e+00
6.673618848719572227e+00
6.673239822446944025e+00
6.672803767243388862e+00
6.672382594724324711e+00
6.672868121827460364e+00
6.673185466582801872e+00
6.673114835524041943e+00
6.672325639079487836e+00
6.672853581267563783e+00
6.672348166973065986e+00
6.673335740412228212e+00
6.673150864790825310e+00
6.673079464053000009e+00
6.673384993203692162e+00
6.672932595247738519e+00
6.672942551928083610e+00
6.672614213170811048e+00
6.673187578972195944e+00
6.673027251458627518e+00
6.673164938232533316e+00
6.672782047824036944e+00
6.672996678420241246e+00
6.672969181299807317e+00
6.673648226342897338e+00
6.672854985418629425e+00
6.672682339094378356e+00
6.673411186822045593e+00
6.673444404220747472e+00
6.672673656297575029e+00
6.673131598631294459e+00
6.672204445076653556e+00
6.672948886650626577e+00
6.672418387794666117e+00
6.672160799355209448e+00
6.673607648257704028e+00
6.672809867980100229e+00
6.672713924250852635e+00
6.672397839861774926e+00
6.672436964843400098e+00
6.673763051434613125e+00
6.673378394830479010e+00
6.673467628028208587e+00
6.672532497361804538e+00
6.673083280978177712e+00
6.672734118254375346e+00
6.673229795229052463e+00
6.671681593969465141e+00
6.672949822878219805e+00
6.671750431459983588e+00
6.673248095959595005e+00
6.673114062875653119e+00
6.672282998080406813e+00
6.673101837503620182e+00
6.672538220184236479e+00
6.672937918921698852e+00
6.672924094249008675e+00
6.672482671683303224e+00
6.673065390880174697e+00
6.672856246931579527e+00
6.672195112368836334e+00
6.672305830167837293e+00
6.672790713141162122e+00
6.672367894061808968e+00
6.672618673529133737e+00
6.673673550365915474e+00
6.672439084996835135e+00
6.673179798386096095e+00
6.672691598758296649e+00
6.671740456856954715e+00
6.672835513294189447e+00
6.673124231806686346e+00
6.673474085104513343e+00
6.673830057632144985e+00
6.672468322770047422e+00
6.673199082537024651e+00
6.672928242982846925e+00
6.673052546877261015e+00
6.673593731458367984e+00
6.673394919436963058e+00
6.672784398102306724e+00
6.672348890255205056e+00
6.672527343863220217e+00
6.671885425587147367e+00
6.673019567868752944e+00
6.673419392119982696e+00
6.671746383396195412e+00
6.672802317584183740e+00
6.672006596593949901e+00
6.672638261316105712e+00
6.672667651042021753e+00
6.672908306692540314e+00
6.673130264683510227e+00
6.672765356217746024e+00
6.673458045999420385e+00
6.674015005450327997e+00
6.673938427439340515e+00
6.672996455023204376e+00
6.673213738263933159e+00
6.673136484883355202e+00
6.672149627512915515e+00
6.672058785276756332e+00
6.672408313103837862e+00
6.672045621512443958e+00
6.672354350719869487e+00
6.672601372819912946e+00
6.672942823316331484e+00
6.673353773608162953e+00
6.673027230599087645e+00
6.673508091871014791e+00
6.672340016158411657e+00
6.673640492116851952e+00
6.673120170347589308e+00
6.673475717395910500e+00
6.672137480721640479e+00
6.673424821990654010e+00
6.673103073077889746e+00
6.672329078594617435e+00
6.673331200982244304e+00
6.672609925974969158e+00
6.673452726341255747e+00
6.673319179605111451e+00
6.673338879326093043e+00
6.673176066453451405e+00
6.672968513332866003e+00
6.673162551478368343e+00
6.671328970727564922e+00
6.673100445234800837e+00
6.672150039188204929e+00
6.672874609668871138e+00
6.672830045300229607e+00
6.672529373149303389e+00
6.673035467322244507e+00
6.672893556378320490e+00
6.672310295296417060e+00
6.673517857070272008e+00
6.672918502977643662e+00
6.673204609663447862e+00
6.673374818024998767e+00
6.673154277380544563e+00
6.672438978797434750e+00
6.672434810538775629e+00
6.673488588137167277e+00
6.672843380030219151e+00
6.673635339420362023e+00
6.672549575629211027e+00
6.672632457174313636e+00
6.673429472693118925e+00
6.672115680639570279e+00
6.672643931813554197e+00
6.672952588309084554e+00
6.673175727487662634e+00
6.672598525308361950e+00
6.673646815471248495e+00
6.672034629700622332e+00
6.673275965923654240e+00
6.672661532975705967e+00
6.672839733939563089e+00
6.672935143908726552e+00
6.673813334351258675e+00
6.673341955559798144e+00
6.673232827636383924e+00
6.673044162343124697e+00
6.672987208106273549e+00
6.672588794477555041e+00
6.672411043411361931e+00
6.672675791086333241e+00
6.672994661457019028e+00
6.672807005311920392e+00
6.672744502042852410e+00
6.673293792669111824e+00
6.672884268396016338e+00
6.673751672532852730e+00
6.673326795620263319e+00
6.672750210323165732e+00
6.672900636778373418e+00
6.672657914141306712e+00
6.673179868118723768e+00
6.673165714830503248e+00
6.672828895509107738e+00
6.673232408138665583e+00
6.672759468919795545e+00
6.672134761360822175e+00
6.673645968724479793e+00
6.673121094172169698e+00
6.672828394485764925e+00
6.673179424481152644e+00
6.673114955034677998e+00
6.672646796983854323e+00
6.672574839918215872e+00
6.673554323883140071e+00
6.673756532498906324e+00
6.672486418728436952e+00
6.673397551655832594e+00
6.672854761683822744e+00
6.672965726887961857e+00
6.673195059578069355e+00
6.671887414880883327e+00
6.672312187272250839e+00
6.672915641354749461e+00
6.672165725464976660e+00
6.672604404613788454e+00
6.673142225167785213e+00
6.673463437701934176e+00
6.673726794440592691e+00
6.672768092402852069e+00
6.672313467256074659e+00
6.673117827707661931e+00
6.672942683137431885e+00
6.673805907367402313e+00
6.672680996489154914e+00
6.673267322271287938e+00
6.672296283190720878e+00
6.672773915115078225e+00
6.672338093165126160e+00
6.672374293486688757e+00
6.673378852637537051e+00
6.672698025801826915e+00
6.672873527853488973e+00
6.673077660950748502e+00
6.673980766713641266e+00
6.673621203475382124e+00
6.673219764769185325e+00
6.672733848011785263e+00
6.673237882979810465e+00
6.673292852156460064e+00
6.673022049835762637e+00
6.672961756734656191e+00
6.672654573333947070e+00
6.673054961985742217e+00
6.672168269455626799e+00
6.672598229810088100e+00
6.672870536517744533e+00
6.672781364880722599e+00
6.673660661784682091e+00
6.673135289156615357e+00
6.672792417153945443e+00
6.673127816244331711e+00
6.673230682632703470e+00
6.672294152772375142e+00
6.672581718924351257e+00
6.672983567078112799e+00
6.672855418401683281e+00
6.672448678133557465e+00
6.672958058139013993e+00
6.672444027857857840e+00
6.673271195418836399e+00
6.671890152613485725e+00
6.672029177942615519e+00
6.672752179092610092e+00
6.672959451818168297e+00
6.672391393213382038e+00
6.672939942592420515e+00
6.672680225211133020e+00
6.673173682221127834e+00
6.673460495074902354e+00
6.672969110086748756e+00
6.672308468485543820e+00
6.674140319153541334e+00
6.672503544924600405e+00
6.672834300528360352e+00
6.673384610528008132e+00
6.673141764295576372e+00
6.672707417243100458e+00
6.673193280090831792e+00
6.672242116356077446e+00
6.672729281864205220e+00
6.672210123693558259e+00
6.673062868559470395e+00
6.673319527986450339e+00
6.673291349516311755e+00
6.673464880913080322e+00
6.673668732796716796e+00
6.672659330898495611e+00
6.672742699990531712e+00
6.673391318299707997e+00
6.672450749524219127e+00
6.672516720594985351e+00
6.673291919366030278e+00
6.672345952132911151e+00
6.673043650960715389e+00
6.674112940801050442e+00
6.673398919629550008e+00
6.672824289802278486e+00
6.673062277691029998e+00
6.672788682390220494e+00
6.672599882083008360e+00
6.672277430641307738e+00
6.671853602308243758e+00
6.673795914894135706e+00
6.672691280508926681e+00
6.672311149206653802e+00
6.673621406416470059e+00
6.672806820224616686e+00
6.673034652230994901e+00
6.672691312405362396e+00
6.672427644581647499e+00
6.672921449992427867e+00
6.672948541370585573e+00
6.672664260533392344e+00
6.672815509501821118e+00
6.673348893463538545e+00
6.673783323171876170e+00
6.672840455391218839e+00
6.673142817111894054e+00
6.672910659414942991e+00
6.673474343375219497e+00
6.673427280232639092e+00
6.673130640288666093e+00
6.672962103445144955e+00
6.672854759032912142e+00
6.673006324227674035e+00
6.672024434283413186e+00
6.672733576294099578e+00
6.672836099443903990e+00
6.672604509100219516e+00
6.673361770678933880e+00
6.673296274455419841e+00
