6.674556260144089315e+00
6.674469911916246723e+00
6.674454910953540043e+00
6.674249414334726183e+00
6.674188714386873222e+00
6.674210809716908166e+00
6.674118291591764063e+00
6.674179144485155035e+00
6.674110390271035698e+00
6.674558023637793269e+00
6.674386508034515053e+00
6.674471301615530372e+00
6.674454633208736887e+00
6.674575090009008171e+00
6.674252238220228506e+00
6.674340833690248331e+00
6.674484541296855866e+00
6.674523099916446434e+00
6.674664809067897941e+00
6.674348660866052718e+00
6.674197071649413893e+00
6.674237592750862369e+00
6.673931517839786665e+00
6.674431504018745187e+00
6.674422822214298279e+00
6.674388127966281559e+00
6.674258370746924740e+00
6.674238141701883009e+00
6.674358880748634704e+00
6.674392707191667107e+00
6.674329123929387819e+00
6.674326721115548366e+00
6.674432458524129252e+00
6.674243390950353572e+00
6.674239130891478133e+00
6.674477695050889281e+00
6.674487139499919230e+00
6.674114680806903621e+00
6.674262882764731231e+00
6.674384893723771306e+00
6.674361384678248577e+00
6.674371885619295952e+00
6.674267135937817841e+00
6.674230664387112100e+00
6.674437835254049212e+00
6.674518216235513002e+00
6.674299052586066594e+00
6.674047153612420402e+00
6.674314287712616256e+00
6.674218698412452078e+00
6.674307412920154725e+00
6.674248509249487427e+00
6.674259165727893794e+00
6.674183862824953906e+00
6.674216501282687730e+00
6.674403719932647583e+00
6.674442298199579682e+00
6.674218970003487073e+00
6.674498339048400730e+00
6.674453449135500982e+00
6.674320893516011211e+00
6.674499845226567807e+00
6.674502901597854532e+00
6.674366291996468803e+00
6.674418155974915834e+00
6.674316597472556012e+00
6.674145396993522716e+00
6.674590379202214763e+00
6.674393095221530459e+00
6.674448740629448373e+00
6.674266745503370402e+00
6.674331729004792990e+00
6.674422032241736247e+00
6.674133761927413033e+00
6.674603048986441856e+00
6.674519712140254413e+00
6.674356249502896965e+00
6.674543938000794263e+00
6.674234458649853430e+00
6.674428458700019107e+00
6.674373987279186515e+00
6.674366915514321263e+00
6.674478834403731575e+00
6.674249520732574936e+00
6.674340975622102157e+00
6.674335081498103506e+00
6.674193480498234798e+00
6.674236502003323857e+00
6.674347404211848023e+00
6.674112537666441192e+00
6.674339775483194792e+00
6.674389110157281202e+00
6.674213589326394747e+00
6.674384862247500827e+00
6.674487528158337568e+00
6.674329197632117960e+00
6.674222189530660820e+00
6.674371430836234964e+00
6.674228637973151912e+00
6.674257806817909255e+00
6.674454048114219162e+00
6.674141568167206273e+00
6.674149491906250731e+00
6.674438951609672266e+00
6.674524690283332617e+00
6.674211288900008476e+00
6.674548587932380705e+00
6.674236253833798926e+00
6.674214537409752346e+00
6.674134623996845761e+00
6.674417862254055755e+00
6.674420894003767479e+00
6.674335923022503003e+00
6.674243585531311140e+00
6.674337837365028392e+00
6.674306653956101343e+00
6.674284091460068069e+00
6.674468993806308426e+00
6.674055350805974562e+00
6.674339558160562902e+00
6.674436330801823303e+00
6.674288354189069850e+00
6.674291731227726565e+00
6.674186984846454784e+00
6.674148496182965573e+00
6.674491169901468623e+00
6.674191629310589846e+00
6.674367633427774393e+00
6.674246138774360126e+00
6.674270311013959400e+00
6.674566085606080001e+00
6.674214147587066215e+00
6.674329420598618334e+00
6.674470206473710476e+00
6.674385149313389221e+00
6.674349320133920571e+00
6.674174148468136281e+00
6.674458360388931588e+00
6.674353357711400925e+00
6.674093402982401280e+00
6.674386815998743394e+00
6.674233434383727293e+00
6.674594729905212631e+00
6.674390189411893104e+00
6.674448309490528253e+00
6.674193128158130150e+00
6.674201165592534402e+00
6.674279443995910555e+00
6.674271784588824197e+00
6.674251733652268648e+00
6.674434154587204127e+00
6.674314532272733302e+00
6.674505115210691564e+00
6.674175566866209941e+00
6.674351649790080998e+00
6.674259196960513840e+00
6.674331095179298678e+00
6.674275514487321814e+00
6.674228459855332751e+00
6.674518386335488884e+00
6.674214663694867156e+00
6.674454809588540094e+00
6.674416420515678183e+00
6.674245929502620633e+00
6.674134448306844547e+00
6.674402398683794146e+00
6.674461083031444808e+00
6.673997129654243743e+00
6.674403522179032322e+00
6.674384080694338195e+00
6.674396297129175259e+00
6.674308847883497542e+00
6.674210477928209428e+00
6.674474047659066933e+00
6.674365956678119716e+00
6.674225909778562560e+00
6.674554924495580188e+00
6.674186347923354745e+00
6.674137318294327770e+00
6.674614509380735861e+00
6.674249283728036275e+00
6.674151912795021957e+00
6.674476586783171683e+00
6.674268253104760795e+00
6.674319498677760976e+00
6.674045515311369137e+00
6.674492659504889680e+00
6.674314788286749511e+00
6.674180479837574786e+00
6.674287004837572645e+00
6.674297835409206847e+00
6.674424265364653053e+00
6.674244290914045585e+00
6.674272534218817832e+00
6.674335635623518392e+00
6.674361308713137930e+00
6.674454101688569452e+00
6.674350148303872743e+00
6.674489727142576712e+00
6.674259661218959749e+00
6.674253824167409199e+00
6.674433501574505989e+00
6.674505770306890184e+00
6.674141617369513391e+00
6.674445743447081192e+00
6.674306048511982503e+00
6.674522397810312313e+00
6.674400374619786191e+00
6.674364160258663858e+00
6.674272022758010792e+00
6.674170615056370437e+00
6.674117444371958641e+00
6.674352553316539982e+00
6.674457934198248843e+00
6.674230590273019459e+00
6.674220450438479446e+00
6.674214531733327682e+00
6.674318536065809049e+00
6.674371887891180855e+00
6.674312141062230808e+00
6.674167558920451881e+00
6.674602726442264711e+00
6.674277766399660194e+00
6.674545387034396704e+00
6.674298187209807054e+00
6.674178553137162240e+00
6.674448540685967934e+00
6.674239380122520160e+00
6.674281887807639535e+00
6.674041434696642128e+00
6.674348153437444253e+00
6.674268359425099106e+00
6.674304978263161381e+00
6.674419262812316234e+00
6.674183151829947036e+00
6.674392610351087995e+00
6.674260258298414961e+00
6.674339465543984495e+00
6.674444429988694694e+00
6.674423331001274384e+00
6.674209886691355287e+00
6.674212768586698985e+00
6.674397855912430622e+00
6.674300160673708682e+00
6.674315505988170472e+00
6.674259036695925573e+00
6.674283462917105503e+00
6.674028839864270424e+00
6.674286398584399649e+00
6.674545624529335974e+00
6.674535046090192658e+00
6.674161494416627427e+00
6.674365122615518509e+00
6.674337433828225308e+00
6.674119751565484648e+00
6.674565043380611407e+00
6.674467575079244597e+00
6.674067793596507592e+00
6.674348054253541385e+00
6.674237383539477264e+00
6.674289892817569125e+00
6.674201905933517587e+00
6.674595706539601991e+00
6.674579143568980300e+00
6.674416746160875213e+00
6.674358167364244032e+00
6.674216449578827870e+00
6.674230787413738319e+00
6.674373959855781635e+00
6.674308074107007549e+00
6.674196813394497774e+00
6.674239879996743063e+00
6.674358040782483847e+00
6.674552407359932715e+00
6.674394774977650435e+00
6.674243752033383714e+00
6.674392035389825395e+00
6.674033350023992561e+00
6.674117097653399888e+00
6.674268785551775274e+00
6.674139986828445892e+00
6.674297025170016440e+00
6.674329544468205810e+00
6.674596901204038701e+00
6.674286972089098491e+00
6.674419306709097555e+00
6.674419416452741061e+00
6.674338128770720857e+00
6.674434921576575697e+00
6.674362326426090064e+00
6.674344412103800472e+00
6.674557489476670824e+00
6.674377036017420828e+00
6.674167085677530586e+00
6.674266920100539124e+00
6.674160366957943680e+00
6.674296270859236380e+00
6.674278811800835598e+00
6.674235502881828985e+00
6.674430178852252205e+00
6.674403630518797037e+00
6.674590983844613135e+00
6.674167134081335107e+00
6.674429890364784512e+00
6.674251425523585191e+00
6.674293734323318183e+00
6.674304534984908166e+00
6.674169394894557961e+00
6.674456941583454928e+00
6.674186414802656842e+00
6.674198548490346106e+00
6.674463589601929314e+00
6.674047471206631776e+00
6.674273231586282940e+00
6.674110255113284929e+00
6.674336622202421410e+00
6.674433592303450347e+00
6.674474527485837250e+00
6.674381806241171944e+00
6.674408198473393838e+00
6.674065871405153061e+00
6.674291324412875426e+00
6.674464225008044593e+00
6.674370456869710644e+00
6.674190328924779259e+00
6.674362805848036651e+00
6.674333099676617920e+00
6.674294388621614615e+00
6.674156889727353104e+00
6.674121991576728696e+00
6.674427019280571471e+00
6.674224064518326394e+00
6.674379099148063155e+00
6.674313430943153769e+00
6.674271665117349706e+00
6.674339823460250898e+00
6.674310573808710068e+00
6.674333119152827010e+00
6.674419323748106869e+00
6.674260001052752855e+00
6.674279317136562639e+00
6.674401675206459217e+00
6.674207393469646199e+00
6.674315342405543916e+00
6.674521140227223093e+00
6.674322231021045049e+00
6.674129199661506640e+00
6.674125045773767972e+00
6.674234616694637801e+00
6.674377691874249230e+00
6.674217086028686907e+00
6.674353775445837300e+00
6.674293000348091809e+00
6.674411613067101179e+00
6.674216118309315604e+00
6.674546896131325902e+00
6.674265873088368828e+00
6.674352331037082919e+00
6.674143972534879232e+00
6.674190329939653665e+00
6.674042491201500837e+00
6.674404908171076123e+00
6.674570458747991708e+00
6.674292935484410272e+00
6.674375679454558785e+00
6.674235552406039496e+00
6.674362255414206579e+00
6.674297076074861224e+00
6.674482301471625689e+00
6.674227990332067151e+00
6.674345063189100813e+00
6.674436108990408734e+00
6.674379856817311385e+00
6.674502421284541853e+00
6.674399485035037216e+00
6.674241727108960021e+00
6.674454794143422909e+00
6.674224146764581533e+00
6.674330305459409196e+00
6.674256706811533491e+00
6.674326483870655302e+00
6.674363019624248494e+00
6.674427126590200210e+00
6.674340303958390841e+00
6.674461098506301759e+00
6.674194850805113433e+00
6.674228380155287077e+00
6.674411963078554777e+00
6.674386139758937020e+00
6.674412654466055805e+00
6.674401621918240934e+00
6.674223197447870959e+00
6.674496430373004330e+00
6.674330008691670812e+00
6.674330745732159009e+00
6.674223438872274095e+00
6.674442973061713857e+00
6.674295450667741214e+00
6.674149648264651624e+00
6.674583876304081898e+00
6.674008626996386084e+00
6.674196200447637395e+00
6.674475872848802283e+00
6.674386699335934203e+00
6.674130970609831515e+00
6.674402619912395807e+00
6.674411018787119509e+00
6.674231437616763962e+00
6.674413514736047048e+00
6.674251930335405980e+00
6.674549306053696007e+00
6.674292940269839214e+00
6.674244941669683406e+00
6.674342634913406513e+00
6.674549039313322218e+00
6.674130977439123313e+00
6.674253134823916689e+00
6.674559385421776625e+00
6.674264914282568739e+00
6.674106188894322500e+00
6.674244476181962149e+00
6.674417075308501701e+00
6.674287324669680110e+00
6.674422290294911519e+00
6.674361369541708555e+00
6.674423309112309077e+00
6.674243905304735769e+00
6.674275318595316975e+00
6.674315663106354712e+00
6.674293621993445669e+00
6.674271101676604978e+00
6.674318760629044611e+00
6.674244477291283673e+00
6.674359253100605294e+00
6.674186987262698878e+00
6.674337235214163222e+00
6.674322455536508159e+00
6.674286371610506308e+00
6.674510845463506925e+00
6.674355184018957665e+00
6.674249712249148203e+00
6.674472193058019087e+00
6.674370804144885483e+00
6.674117037300594468e+00
6.674079872457812534e+00
6.674232471028171965e+00
6.674305138427224726e+00
6.674247935771215445e+00
6.674457405646542441e+00
6.674064729634457294e+00
6.674368123633924732e+00
6.674337620297535523e+00
6.674228334452005029e+00
6.674524065631411318e+00
6.674472586794556683e+00
6.673879182225742390e+00
6.674309478901356840e+00
6.674266049544855584e+00
6.674385409457979534e+00
6.674363123183808533e+00
6.674560070415228807e+00
6.674266560945795845e+00
6.674313170251148009e+00
6.674376834481765997e+00
6.674399020857695319e+00
6.674427565180558908e+00
6.674247600103385913e+00
6.674286704792445235e+00
6.674466573252374246e+00
6.674294557498513747e+00
6.674464113721134240e+00
6.674541994113329935e+00
6.674178357307328113e+00
6.674133498174001922e+00
6.674189598892573017e+00
6.674448872487897866e+00
6.674386314479026971e+00
6.674523851049261047e+00
6.674342901334915368e+00
6.674337190695843525e+00
6.674045938255723343e+00
6.674315277689113479e+00
6.674534408232685401e+00
6.674478557166772852e+00
6.674314561271485147e+00
6.674290182064136268e+00
6.674178257904508804e+00
6.674340064135504846e+00
6.674245355126952717e+00
6.674241241991702545e+00
6.674075257107822345e+00
6.674583845470336563e+00
6.674327991792046610e+00
6.674342693347303346e+00
6.673948995792546413e+00
6.674597483127786113e+00
6.674470691643509923e+00
6.674218761084595108e+00
6.674255415405621505e+00
6.674332440373928144e+00
6.674412186750170228e+00
6.674350076988602609e+00
6.674482012836664424e+00
6.674275403182857502e+00
6.674491211687459291e+00
6.674228407160257781e+00
6.674311939299819585e+00
6.674322654237104580e+00
6.674211929868821613e+00
6.674574469962094803e+00
6.674268956987621237e+00
6.674360674237785673e+00
6.674289737602781436e+00
6.674233846393561542e+00
6.674449452347615441e+00
6.674356981951143908e+00
6.674494740661332415e+00
6.674277656142900916e+00
6.674382094239319940e+00
6.674008921986609444e+00
6.674177171320947899e+00
6.674156295084101131e+00
6.674292879014304347e+00
6.674311236857542795e+00
6.674355093766305203e+00
6.674570011249237211e+00
6.674417569879784295e+00
6.674253987983592928e+00
6.674539157378658771e+00
6.674413736152658316e+00
6.674277339993304636e+00
6.674392335498850137e+00
6.674673715128212059e+00
6.674177017021674985e+00
6.674200067084655075e+00
6.674521943291848558e+00
6.674325776908745844e+00
6.674403437263958239e+00
6.674202590927646561e+00
6.674597252220616284e+00
6.674416140103964779e+00
6.674385256923421217e+00
6.674161784555413313e+00
6.674422325363132735e+00
6.674135341845256697e+00
6.674376113734231453e+00
6.674439128860349513e+00
6.674354031744421434e+00
6.674229412707235909e+00
6.674439379856027088e+00
6.674384950023505070e+00
6.674203918346319320e+00
6.674401029457442291e+00
6.674400836516932500e+00
6.674570888049847106e+00
6.674394125333164673e+00
6.674158535075006782e+00
6.674489950288534423e+00
6.674266882041670179e+00
6.674295910292575407e+00
6.674390339191520916e+00
6.674353963815684132e+00
6.674369952436893350e+00
6.674545338179742160e+00
6.674261096835484963e+00
6.674500031964731406e+00
6.674389455445407293e+00
6.674075303278946159e+00
6.674165211474850423e+00
6.674078127992370213e+00
6.674224771418429292e+00
6.674146965176375623e+00
6.674306486349053991e+00
6.674427200193789211e+00
6.674430790160093885e+00
6.674202194791557297e+00
6.674416002488720245e+00
6.674308005208035688e+00
6.674394515435144726e+00
6.674332961992765156e+00
6.674419082002965631e+00
6.674348675601786240e+00
6.674180081335578940e+00
6.674337505485093303e+00
6.674130978625755439e+00
6.674253600191361713e+00
6.674238882823620322e+00
6.674366490175210664e+00
6.674238818129156314e+00
6.674201138419473267e+00
6.674224811443703942e+00
6.674320396826271207e+00
6.674075078984734510e+00
6.674142201439562605e+00
6.674301529254639043e+00
6.674504829169070064e+00
6.674413291855311847e+00
6.674332977574928272e+00
6.674118114793578194e+00
6.674378925396004192e+00
6.674237353151526442e+00
6.674354356083568085e+00
6.674292122228212776e+00
6.674403231576670592e+00
6.674215134283099538e+00
6.674521317773664641e+00
6.674057100103665263e+00
6.674217454594010945e+00
6.674357853496383441e+00
6.674216988498073988e+00
6.674194423353027261e+00
6.674177467183668888e+00
6.674420852467251919e+00
6.674435298140017458e+00
6.674703184178801152e+00
6.674074778753284143e+00
6.674281953361423270e+00
6.674659524073318195e+00
6.674104247380997279e+00
6.674219293176311574e+00
6.674668870409163901e+00
6.674527117272199384e+00
6.674249690371855337e+00
6.674480914885991822e+00
6.674400380838239499e+00
6.674444006272511665e+00
6.674247810616570575e+00
6.674157325526228313e+00
6.674225382503040649e+00
6.674485734499680412e+00
6.674390950251898325e+00
6.674183042278315270e+00
6.674393937200201243e+00
6.674201815361278989e+00
6.674292232541187531e+00
6.674278666221576728e+00
6.674286992136967633e+00
6.674547270927570608e+00
6.674405669984259326e+00
6.674462298998705023e+00
6.674200970237311736e+00
6.674549788296631370e+00
6.674282512063021144e+00
6.674552949399406465e+00
6.674264274062635671e+00
6.674348759776961515e+00
6.674328611834421388e+00
6.673979597001263642e+00
6.674375293769320372e+00
6.674622665160470092e+00
6.674355697162152268e+00
6.674489151808630005e+00
6.674498766982729592e+00
6.674341674334669072e+00
6.674349192859715174e+00
6.674461491458720808e+00
6.674515154677062689e+00
6.674273563403662735e+00
6.674041324969355315e+00
6.674647927674648429e+00
6.674359196234886937e+00
6.674299289387357170e+00
6.674332628912069687e+00
6.674257358640200977e+00
6.674209047811953788e+00
6.674564859362363656e+00
6.674401395096715817e+00
6.674395228951026660e+00
6.674024783119909543e+00
6.674268814473608202e+00
6.674433380349463540e+00
6.674434003764086576e+00
6.674517733323774848e+00
6.674060322363693842e+00
6.674368752207162636e+00
6.674411828060756058e+00
6.674161278612861459e+00
6.674170663094747269e+00
6.674267352919375007e+00
6.674460062819417949e+00
6.674328043914887765e+00
6.674396708310651682e+00
6.674399760900729284e+00
6.674130597466123582e+00
6.674375805337300349e+00
6.674371402261149555e+00
6.674426695337855264e+00
6.674223083481018115e+00
6.674228310098169636e+00
6.674289093097569570e+00
6.674224000993895345e+00
6.674340536187514772e+00
6.674059394624190844e+00
6.674303420313014712e+00
6.674638781883867722e+00
6.674300297957799444e+00
6.674250770616376727e+00
6.674294198265060984e+00
6.674392081493087048e+00
6.674342390583370310e+00
6.674317392501045276e+00
6.674314489210135370e+00
6.674628434610340832e+00
6.674204452778108809e+00
6.674272457258750180e+00
6.674388990246620246e+00
6.674373171529661697e+00
6.674407972658942256e+00
6.674293295590717712e+00
6.674384890599256437e+00
6.674212081788514439e+00
6.674307606236593138e+00
6.674360882878832335e+00
6.674199838867289181e+00
6.674446631099351990e+00
6.674394329096750234e+00
6.674308130170198972e+00
6.674391850022795225e+00
6.674129667339047778e+00
6.674606029420754538e+00
6.674302924007842641e+00
6.674267226407390119e+00
6.674348768124291453e+00
6.674392166214145661e+00
6.674205803632260015e+00
6.674275682238447693e+00
6.674131866847391237e+00
6.674411860142001274e+00
6.674176993101763600e+00
6.674298240179629360e+00
6.674550402752560174e+00
6.674392387029553397e+00
6.674313089555398371e+00
6.674090269040474865e+00
6.674008974589193066e+00
6.674176508163748522e+00
6.674295949192848632e+00
6.674287966344482292e+00
6.674269965747120281e+00
6.674494750760707085e+00
6.674094732388056173e+00
6.674546857842770464e+00
6.674486967991091646e+00
6.674227152730946244e+00
6.674321574507799504e+00
6.674244361715126139e+00
6.674276286743442199e+00
6.674157037791261793e+00
6.674431054232772276e+00
6.674303929442019445e+00
6.674205958218818679e+00
6.674197060764501366e+00
6.674235476671100287e+00
6.674440305100763915e+00
6.674144374629310761e+00
6.674479663346242653e+00
6.674390968038573568e+00
6.674260449473337076e+00
6.674569337906117283e+00
6.674294835193861353e+00
6.674212190715501869e+00
6.674445197631092341e+00
6.674190020034517445e+00
6.674406079065421160e+00
6.674344284464075905e+00
6.674300909502878021e+00
6.674350712959699727e+00
6.674303517615575387e+00
6.674437466940958075e+00
6.674307492389691454e+00
6.674154325187567238e+00
6.674171503691368024e+00
6.674270918932990959e+00
6.674171599171697444e+00
6.674346428361747741e+00
6.674473781402413763e+00
6.674324235695669572e+00
6.674259555509938657e+00
6.674500331070681192e+00
6.674300695315368515e+00
6.674341950934431722e+00
6.674478555542364688e+00
6.674409220603851445e+00
6.674180730015972784e+00
6.674406453123237881e+00
6.674582231858265047e+00
6.674444135190288563e+00
6.674240020001162677e+00
6.674446625723346571e+00
6.674542425291332570e+00
6.674546444768017395e+00
6.674565099035813631e+00
6.674359157896131656e+00
6.674231847608047552e+00
6.674151127795424188e+00
6.674263489636056867e+00
6.674235915753347292e+00
6.674397604806700635e+00
6.674451074064006839e+00
6.674296948230208137e+00
6.674006316359642810e+00
6.674133689447733886e+00
6.674284577717634726e+00
6.674147557696724853e+00
6.674359849767506958e+00
6.674282311812679502e+00
6.674435342300388818e+00
6.674374892053698716e+00
6.674158091111491053e+00
6.674360433903540724e+00
6.674252816668128752e+00
6.674488057161683585e+00
6.674416939466675913e+00
6.674384864074530022e+00
6.674190386451953394e+00
6.674408365424762124e+00
6.674483991224728463e+00
6.674388747005072453e+00
6.674179583765943669e+00
6.674372521978305883e+00
6.674319699425998564e+00
6.674248879034085036e+00
6.674129484713272831e+00
6.674525515099874795e+00
6.674479280322215935e+00
6.674436187020330813e+00
6.674340012601158278e+00
6.674125712097460195e+00
6.674255456940255016e+00
6.674330514668514347e+00
6.674495166153428194e+00
6.674571415433384836e+00
6.674286817819060857e+00
6.674154581571388078e+00
6.674385392294977848e+00
6.674225961300865428e+00
6.674095239415595238e+00
6.674420954179665522e+00
6.674251942641624247e+00
6.674374680920910130e+00
6.674414406116819798e+00
6.674542130908044157e+00
6.674352825629904729e+00
6.674247312198485993e+00
6.674250698794801373e+00
6.674457940268315959e+00
6.674313917700494869e+00
6.674490414740552602e+00
6.674332595044186078e+00
6.674227166566486957e+00
6.674269929330547413e+00
6.674193946009304490e+00
6.674350527360300767e+00
6.674473073388057287e+00
6.674563695142453845e+00
6.674214527636280536e+00
6.674306958682273638e+00
6.674203306223384757e+00
6.674697059250966902e+00
6.674474404845097908e+00
6.674481013448104960e+00
6.674207411485868491e+00
6.674174248181060420e+00
6.674262787286264320e+00
6.674189408272037660e+00
6.674260626820326614e+00
6.674329263858268746e+00
6.674278332642026967e+00
6.674080058846330488e+00
6.674288448350759850e+00
6.674379991474743257e+00
6.674279503839139593e+00
6.674390815142717592e+00
6.674350426069064923e+00
6.674366651618783841e+00
6.674396772186918625e+00
6.674430086279258489e+00
6.674284738199515843e+00
6.674301001358591279e+00
6.674448354523889293e+00
6.674309029174217756e+00
6.674367565317648854e+00
6.674287082777311753e+00
6.674408725251050889e+00
6.674146883721340906e+00
6.674282692281218843e+00
6.674072386614770203e+00
6.674198337492325273e+00
6.674320220666071002e+00
6.674543345408260109e+00
6.674273549982240539e+00
6.674248670313333243e+00
6.674538116823268474e+00
6.674339816552630644e+00
6.674315679403998836e+00
6.674354494916161507e+00
6.674246109486671408e+00
6.674443753088104003e+00
6.674602966884607191e+00
6.674390520924210257e+00
6.674345056483701022e+00
6.674164053670476271e+00
6.674272263169534369e+00
6.674493534197545763e+00
6.674424100746687571e+00
6.674342781243025158e+00
6.674010188448051828e+00
6.674220361038622151e+00
6.674354662748126721e+00
6.674290959050450667e+00
6.674183012186055919e+00
6.674485339759678837e+00
6.674386148233869775e+00
6.674211743843383005e+00
6.674185418870549391e+00
6.674138799724726567e+00
6.674420179668352660e+00
6.674175595959082941e+00
6.674361904767372344e+00
6.674213326684609093e+00
6.674263797151656519e+00
6.674630435427693520e+00
6.674371748152738704e+00
6.674476748041479723e+00
6.674390592443670833e+00
6.674294665043334795e+00
6.674613355416584959e+00
6.674273439232601746e+00
6.674309026206318940e+00
6.674224617151625516e+00
6.674356083854144472e+00
6.674196407468191872e+00
6.674350262659040744e+00
6.674373612536167677e+00
6.674213368274911851e+00
6.674368554920299346e+00
6.674499801400122223e+00
6.674024828385486607e+00
6.674159541865323675e+00
6.674419900319756849e+00
6.674555189104984798e+00
6.674363154258727171e+00
6.674407440886768406e+00
6.674286551084844810e+00
6.674435807855019220e+00
6.674468325755190001e+00
6.674205998264066686e+00
6.674488458504677091e+00
6.674411690001425868e+00
6.674220493088128592e+00
6.674323574608844289e+00
6.674476044953339127e+00
6.674424953567065444e+00
6.674248861360360330e+00
6.674266641518499021e+00
6.674387603936731139e+00
6.674242181784380890e+00
6.674225763947070789e+00
6.674389051814117124e+00
6.674267347737654177e+00
6.674502192473832807e+00
6.674411517607488520e+00
6.674225001233845767e+00
6.674130760887595493e+00
6.674380149450068522e+00
6.674515041046752195e+00
6.674406763613352389e+00
6.674398074321215013e+00
6.674550146432289388e+00
6.674231603151993042e+00
6.674196403974902658e+00
6.674478444188444826e+00
6.674459726284969641e+00
6.674336726813439036e+00
6.674159847369677045e+00
6.674482796913447480e+00
6.674356898712755282e+00
6.674286801206274156e+00
6.674471443198545906e+00
6.674356420563679393e+00
6.674111370426164314e+00
6.674321375233561504e+00
6.674286760686951148e+00
6.674351864021834224e+00
6.674282964824083564e+00
6.674609686499740846e+00
6.674442551687351788e+00
6.674332465406151549e+00
6.674234234145933087e+00
6.674293036962758663e+00
6.674298345108241826e+00
6.674476382626952642e+00
6.674403814291466119e+00
6.674063804862859328e+00
6.674135839858924335e+00
6.674291415099962599e+00
6.674463155114311874e+00
6.674355865582586311e+00
6.674138649805719581e+00
6.674359710645111576e+00
