6.674144130031016253e+00
6.674291907198886875e+00
6.674215605728360146e+00
6.674284794422108646e+00
6.674375292188595488e+00
6.674280240620917404e+00
6.674179019762099152e+00
6.674100163201665659e+00
6.674389575366766358e+00
6.674254071285704804e+00
6.674264249921793457e+00
6.674161607280495900e+00
6.674176921214498570e+00
6.674339124918814647e+00
6.674219836283869611e+00
6.674241266780746251e+00
6.674158497313491978e+00
6.674349808591586886e+00
6.674159768554623895e+00
6.674340584985198888e+00
6.674435049605867754e+00
6.674252250115388918e+00
6.674144652719629534e+00
6.674158622556482179e+00
6.674020119722747779e+00
6.674302362659776833e+00
6.674219518995914591e+00
6.674137590367394957e+00
6.674291248004561083e+00
6.674262125922989952e+00
6.674120037902101288e+00
6.674272343799882989e+00
6.674326969856425151e+00
6.674223273529624301e+00
6.674203958492143762e+00
6.674139539667972798e+00
6.674406023358238293e+00
6.674393173894933362e+00
6.674269997654419306e+00
6.674187022750815323e+00
6.674158386485175676e+00
6.674210191137911252e+00
6.674172771566652784e+00
6.674135648785332720e+00
6.674156305539996836e+00
6.674249786010621577e+00
6.674318233513131027e+00
6.674375515875444975e+00
6.674209225612355745e+00
6.674191003518025411e+00
6.674209518030416177e+00
6.674216471316853472e+00
6.674223302973035565e+00
6.674104280230237940e+00
6.674270142141867979e+00
6.674272716012128015e+00
6.674293300614119850e+00
6.674182589122063192e+00
6.674201298711151864e+00
6.674174317902934028e+00
6.674211108439900286e+00
6.674220583835474230e+00
6.674117062482481266e+00
6.674138785575142840e+00
6.674207378290979875e+00
6.674286329262869799e+00
6.674143872005994460e+00
6.674167681229317139e+00
6.674471451977017189e+00
6.674367564111023832e+00
6.674004188611696975e+00
6.674269551340454854e+00
6.674061785697488425e+00
6.674134042858830718e+00
6.674082380460484742e+00
6.674241907250633155e+00
6.674206066186968656e+00
6.674147175897457984e+00
6.674301543972133821e+00
6.674184410622468810e+00
6.674196604827695722e+00
6.674172586044115896e+00
6.674310928312527480e+00
6.674247330843734005e+00
6.674146201802099831e+00
6.674172360185381514e+00
6.674173069251001955e+00
6.674204371397881808e+00
6.674167291188970452e+00
6.674448798354655210e+00
6.674144842844215830e+00
6.674080807645042412e+00
6.674162655380333931e+00
6.674226700525231593e+00
6.674180745574118667e+00
6.674209523147435874e+00
6.674309520943706886e+00
6.674027222011358340e+00
6.674386547280310111e+00
6.674151823179177434e+00
6.674320268805410628e+00
6.674203543246337134e+00
6.674018977350854698e+00
6.674075062534381431e+00
6.674225158141545933e+00
6.674188216502498605e+00
6.674304666810437325e+00
6.674191765750752126e+00
6.674207976499544337e+00
6.674147907621687636e+00
6.674324999025420091e+00
6.674235730741496120e+00
6.674263373954230971e+00
6.674240127756510432e+00
6.674196676308853604e+00
6.674138939246800462e+00
6.674097348657737072e+00
6.674369009648786211e+00
6.674405884251357612e+00
6.674281152314261334e+00
6.674102584850795772e+00
6.674122693838380194e+00
6.674197532123317345e+00
6.674349105586766306e+00
6.674360566062490285e+00
6.674110701602353757e+00
6.674370717717711621e+00
6.674059510178501853e+00
6.674190089440781293e+00
6.674217417489724191e+00
6.674328336681743856e+00
6.674203685272490638e+00
6.674256612103330433e+00
6.674202672249147206e+00
6.674391584569606017e+00
6.674245079246428958e+00
6.674152720740638145e+00
6.674200148799692478e+00
6.674233011459105747e+00
6.674123650456371237e+00
6.674373107944128414e+00
6.674124625761407970e+00
6.674278533447038697e+00
6.674220878514419475e+00
6.674164073449116330e+00
6.674182757835238178e+00
6.674241539121439359e+00
6.674199353096494924e+00
6.674056136603661038e+00
6.674195236722168190e+00
6.674092629244056774e+00
6.674210626452186546e+00
6.674218958796386048e+00
6.674186755951836858e+00
6.674274083696344562e+00
6.674331144745131006e+00
6.674134196481484871e+00
6.674178346857811306e+00
6.674119675573277455e+00
6.674276331017065189e+00
6.674246289447793856e+00
6.674273298036969670e+00
6.674169486105857807e+00
6.674058130225781760e+00
6.674134105798567695e+00
6.674221085417059385e+00
6.674273308166605467e+00
6.674211854876244132e+00
6.674254498451100304e+00
6.674143383209993452e+00
6.674115971831354521e+00
6.674139894526221362e+00
6.674216972820593341e+00
6.674405957779787180e+00
6.674068709076325767e+00
6.674270044090094167e+00
6.674118580554111446e+00
6.674131718978000727e+00
6.674253612996445817e+00
6.674243714068205158e+00
6.674221087372164796e+00
6.674301807433547395e+00
6.674174863429267468e+00
6.674096203207578348e+00
6.674280095048644945e+00
6.674037345718947911e+00
6.674080616146282452e+00
6.674319271892096950e+00
6.674008408836451522e+00
6.674349238458626488e+00
6.674124172042935399e+00
6.674231149450204015e+00
6.674095165665117513e+00
6.674182152021411518e+00
6.674218116668446221e+00
6.674217507214548206e+00
6.674110559251070995e+00
6.674229212263980138e+00
6.674355066031735895e+00
6.674335705723942525e+00
6.674219204027601826e+00
6.674091493380387874e+00
6.674265758460295572e+00
6.674166968486071383e+00
6.674164383349997287e+00
6.674053911429698616e+00
6.674103853504749218e+00
6.674311412544839506e+00
6.674105941734916669e+00
6.674020250488425177e+00
6.674018231678322088e+00
6.674260956861667538e+00
6.674303504903446260e+00
6.674108843326560958e+00
6.674247931207596629e+00
6.674129960882940082e+00
6.674285501181309144e+00
6.674210450124932414e+00
6.674169561648587212e+00
6.674210163288099018e+00
6.673980454483445790e+00
6.674200087237875501e+00
6.674238863707325997e+00
6.674292848845342796e+00
6.674404199680569860e+00
6.674345338731394683e+00
6.674292788375717045e+00
6.674318771796150074e+00
6.674255640993243865e+00
6.674180394751154211e+00
6.674295165394103613e+00
6.674087003790284633e+00
6.674220109396854284e+00
6.674294771158622908e+00
6.674181459504824332e+00
6.674168118118786630e+00
6.674079512665789693e+00
6.674305205564388110e+00
6.674165406620744534e+00
6.674350098716308466e+00
6.674143197489533996e+00
6.674146082732248075e+00
6.674089918127792842e+00
6.674160293348512241e+00
6.674064471970144297e+00
6.674380306579542399e+00
6.674080538592718881e+00
6.674216831302442365e+00
6.674102342440924929e+00
6.674149374598180806e+00
6.674194466712036089e+00
6.674281390725628427e+00
6.674089754202525704e+00
6.674131148486677212e+00
6.674316746689587632e+00
6.674086014220888430e+00
6.674101115643564341e+00
6.674210499400268226e+00
6.674112998390477003e+00
6.674407387862562047e+00
6.674362885511088805e+00
6.674245554146592596e+00
6.674337777659192561e+00
6.674146565910353601e+00
6.674013088820306194e+00
6.674468500333611942e+00
6.674160289253392442e+00
6.674061201731625204e+00
6.674250222992193393e+00
6.674005223480496518e+00
6.674083791861731285e+00
6.674237385104973441e+00
6.674165516283529165e+00
6.674299984551800513e+00
6.674205957277078660e+00
6.674274547268872482e+00
6.674136248580522235e+00
6.674231596607739014e+00
6.674149664726519049e+00
6.674213981674336438e+00
6.674156784464244652e+00
6.674269824176342070e+00
6.674321844273896964e+00
6.674178219838649895e+00
6.674278370921140180e+00
6.674191657446534087e+00
6.674202437706216351e+00
6.674267224437994805e+00
6.674205258863928236e+00
6.674366845692124350e+00
6.674114619024162920e+00
6.674302304413347819e+00
6.674359678425870079e+00
6.674175828317969739e+00
6.674374595266159282e+00
6.674130808033379658e+00
6.674277928516929137e+00
6.674314713140449662e+00
6.674251052111929816e+00
6.674304547442206470e+00
6.674140383284093758e+00
6.674276863335384391e+00
6.674255844468656385e+00
6.674268987285539190e+00
6.674220901192156497e+00
6.674136452961930921e+00
6.674157859789204394e+00
6.674132781690664373e+00
6.674030696034600751e+00
6.674223699314860703e+00
6.674518853989513723e+00
6.674193345404511035e+00
6.674170394192184830e+00
6.674354754474832063e+00
6.674084267010448102e+00
6.674342403322724770e+00
6.674153080690157225e+00
6.674126948666972758e+00
6.674223031586326016e+00
6.674253468084378582e+00
6.674114352095889657e+00
6.674248362382617650e+00
6.674240116793999533e+00
6.674130725615085247e+00
6.674283517828544454e+00
6.674141378501089683e+00
6.674156740580413860e+00
6.674207910307027092e+00
6.674256115287612090e+00
6.674123111462236579e+00
6.674151476528024318e+00
6.674241104930699109e+00
6.674239292396379142e+00
6.674239008270428819e+00
6.674317693743666347e+00
6.674105700575060141e+00
6.674157447616828165e+00
6.674151457436382273e+00
6.674034555380405465e+00
6.674207533192377362e+00
6.674183217871624940e+00
6.674303493061997550e+00
6.674343624604271774e+00
6.674179758254981998e+00
6.674198134854027131e+00
6.674315973589978412e+00
6.674258340654667165e+00
6.674120449429658208e+00
6.674144875666284449e+00
6.674276783954976366e+00
6.674171361325554663e+00
6.674144739903242751e+00
6.674279807108078444e+00
6.674125376969770151e+00
6.674408751824977060e+00
6.674158854232035587e+00
6.674144443652712866e+00
6.674070128829403536e+00
6.674462968676086128e+00
6.674346146346093356e+00
6.674228905564900671e+00
6.674139408496112758e+00
6.674073601378936793e+00
6.674271892667675843e+00
6.674199317753622296e+00
6.674227679170960492e+00
6.674267941748166066e+00
6.674295077675332699e+00
6.674100219538416923e+00
6.674315977156627611e+00
6.674211037276695180e+00
6.674303271781018232e+00
6.674244867351545096e+00
6.674057183246264735e+00
6.674207148471056783e+00
6.674190448711505574e+00
6.674204937295156626e+00
6.674152716015799847e+00
6.674111309266893777e+00
6.674142557816346688e+00
6.674132176659969495e+00
6.674226128790476942e+00
6.674042385262395349e+00
6.674223411266661188e+00
6.674272702787891198e+00
6.674372276488066191e+00
6.674152684955296344e+00
6.674279504606373870e+00
6.674340045436517599e+00
6.674183480107912736e+00
6.674282923619381691e+00
6.674131437729050376e+00
6.674116208698157138e+00
6.674400255573585738e+00
6.674145504601780132e+00
6.674274031249456840e+00
6.674168794647677316e+00
6.674200577886164609e+00
6.674119162093407276e+00
6.674249302730294708e+00
6.674196788924050772e+00
6.674110761566091732e+00
6.674365402381712720e+00
6.674255098406669084e+00
6.674288908179365265e+00
6.674216886286314043e+00
6.674177518482576232e+00
6.674280346699395849e+00
6.674338890897860033e+00
6.674106521269742132e+00
6.674133579293859420e+00
6.674174059928078329e+00
6.674344342735684776e+00
6.674244355839878295e+00
6.674078151587786500e+00
6.674420889184461636e+00
6.674455089472639102e+00
6.674281470677150274e+00
6.674158900231283553e+00
6.674043320142541091e+00
6.674199714986659870e+00
6.674262916143800517e+00
6.674228244381341213e+00
6.674230199940652142e+00
6.674254158260434444e+00
6.674243044870641128e+00
6.674225712662390286e+00
6.674157303147768339e+00
6.674170939739999753e+00
6.674255908334120413e+00
6.674327892224942715e+00
6.674176715616825462e+00
6.674254986279599677e+00
6.674162372334241589e+00
6.674131639398005689e+00
6.674255334520128535e+00
6.674236904513680457e+00
6.674411640746022556e+00
6.674288995634954702e+00
6.674146754750694299e+00
6.674293786352247793e+00
6.674389729039203800e+00
6.674260926303364982e+00
6.674237966007587453e+00
6.674343644042020074e+00
6.674385427728118714e+00
6.674310586038168402e+00
6.674277379970721569e+00
6.674206725860069689e+00
6.674414568363396860e+00
6.674156130368472439e+00
6.674069958411888770e+00
6.674173651262271356e+00
6.674163240989193113e+00
6.674279147423948011e+00
6.674133698727396258e+00
6.674270666256326479e+00
6.674272388274276935e+00
6.674276795229061143e+00
6.674350408637241827e+00
6.674335943032273732e+00
6.674065724615114270e+00
6.674305707104663199e+00
6.674140817633172240e+00
6.674165061987086922e+00
6.674326896484449101e+00
6.674231877589225093e+00
6.674184959738555634e+00
6.674288137084433359e+00
6.674203834685900283e+00
6.674309448890950236e+00
6.674227373027091126e+00
6.674138118582522594e+00
6.674304870358958475e+00
6.674286901274895989e+00
6.674355999543153395e+00
6.674202421474829450e+00
6.674231134809985200e+00
6.674426269721912774e+00
6.674417702166874911e+00
6.674195304704053200e+00
6.674077055875286213e+00
6.674295989510468985e+00
6.674159861458428544e+00
6.674211043291975898e+00
6.674209559856402407e+00
6.674114556890865302e+00
6.674209271750081385e+00
6.674380116619303749e+00
6.674289226169074496e+00
6.674172514021778468e+00
6.674201893912677264e+00
6.674242796096815589e+00
6.674303599606117743e+00
6.674339903273856400e+00
6.674284874160353986e+00
6.674114276411845736e+00
6.674261074724219256e+00
6.674314551531415063e+00
6.674201067549105915e+00
6.674076723918152432e+00
6.674296227413118565e+00
6.674302768419575926e+00
6.674176136633848344e+00
6.674153555358503631e+00
6.674307248462439723e+00
6.674280825705772635e+00
6.674449681758676256e+00
6.674261454589237808e+00
6.674264103836727635e+00
6.674184750207411199e+00
6.674143298787111434e+00
6.674269486487803604e+00
6.674252443744230767e+00
6.674101207085116449e+00
6.674195841063371049e+00
6.673998128421878562e+00
6.674134551262545401e+00
6.674345088273694770e+00
6.674206300050133933e+00
6.674279934978848416e+00
6.674216466370817891e+00
6.674357445286942081e+00
6.674151103981515121e+00
6.674070693941973609e+00
6.674279199063170687e+00
6.674223759092209995e+00
6.674120626021599278e+00
6.674267159354124068e+00
6.674236960724887702e+00
6.674258302240851037e+00
6.674110566940519185e+00
6.674282500375770866e+00
6.674309415173494742e+00
6.674132326195954867e+00
6.674243105396426401e+00
6.674312346120792938e+00
6.674181548554963150e+00
6.674155138975479851e+00
6.674296933560124323e+00
6.674234886112321519e+00
6.674215720883644565e+00
6.674315408549931661e+00
6.674308205126450844e+00
6.674255563694132753e+00
6.674202498878860190e+00
6.674157966133156705e+00
6.674288032155184069e+00
6.674333921555052562e+00
6.674291613405546109e+00
6.674224954069776672e+00
6.674120705617813343e+00
6.674309232191668606e+00
6.674199671637176756e+00
6.674400626681571858e+00
6.674042556906065293e+00
6.674133866045557362e+00
6.674424143880701266e+00
6.674083782527476139e+00
6.674146443100990034e+00
6.674193500026762038e+00
6.674414097859033390e+00
6.674142863668131476e+00
6.674189522030632205e+00
6.674168077784026210e+00
6.674140058496084826e+00
6.674025578310827989e+00
6.674256432455664800e+00
6.674354865338781195e+00
6.674133017206434815e+00
6.674406088216205291e+00
6.674353478492373704e+00
6.674156448879195125e+00
6.674264869993214333e+00
6.674292005094421221e+00
6.674102515579850348e+00
6.674171712243484045e+00
6.674370826661111700e+00
6.674189720005101911e+00
6.674314246200570899e+00
6.674182886446287988e+00
6.674262067734852089e+00
6.674235963999194610e+00
6.674238666548555798e+00
6.674134710716528751e+00
6.674261934745103098e+00
6.674098397847550324e+00
6.674069796390025289e+00
6.674206609561781356e+00
6.674266934907516102e+00
6.674154901253614547e+00
6.674189509477129079e+00
6.674095948692048808e+00
6.674195492510720307e+00
6.674211513702095644e+00
6.674312954040611423e+00
6.674174579121706863e+00
6.674236912908209085e+00
6.674148565186275306e+00
6.674109826787858246e+00
6.674251851316440387e+00
6.674140422027594610e+00
6.674173872767840798e+00
6.674225990275383325e+00
6.674254936420914497e+00
6.674182779928945486e+00
6.674208652485011051e+00
6.674248661614581302e+00
6.674249724445691534e+00
6.674302894781857454e+00
6.674174446011245543e+00
6.674412061033179633e+00
6.674126002889554599e+00
6.674082520819903053e+00
6.674345627003650527e+00
6.674260415771875010e+00
6.674095827937382985e+00
6.674068386934653319e+00
6.674271541559396503e+00
6.674281612813111053e+00
6.673954469804594503e+00
6.674187039803414656e+00
6.674172337265495969e+00
6.674219157055506280e+00
6.674235619019786903e+00
6.674200576407597119e+00
6.674171103692390972e+00
6.674315499524229978e+00
6.674243129691851628e+00
6.674365198367229191e+00
6.674183294596197413e+00
6.674269217065604387e+00
6.674185430492384441e+00
6.674309672851877373e+00
6.674484155311972700e+00
6.674302163480557937e+00
6.674181079138784334e+00
6.674256664789941063e+00
6.674185380802896361e+00
6.674264727451495460e+00
6.674301601546270390e+00
6.674214443591971246e+00
6.674246371811304535e+00
6.674216200455935777e+00
6.674325853997934210e+00
6.674365280469173989e+00
6.674127516324434239e+00
6.674230901785648484e+00
6.674307748401140827e+00
6.674154224862650864e+00
6.674473523717487922e+00
6.674152668761352380e+00
6.674128021457719662e+00
6.674495598678284125e+00
6.674172048173861782e+00
6.674352454805117851e+00
6.674222797532514129e+00
6.674157397049848228e+00
6.674277533619545011e+00
6.673983459624547976e+00
6.674315463277023852e+00
6.674135928775908333e+00
6.674090641437808280e+00
6.674376490758000102e+00
6.674332092710397291e+00
6.674190289970780121e+00
6.674191341637572883e+00
6.674240209548031544e+00
6.674229196661295660e+00
6.674141201970328119e+00
6.674332574346746760e+00
6.674207923279966259e+00
6.674159212424640941e+00
6.674238220465277038e+00
6.674223251350213992e+00
6.674253905548280130e+00
6.674350243024916196e+00
6.674052670618205951e+00
6.674160231196307969e+00
6.674182209403899613e+00
6.674341068297560575e+00
6.674149713886615487e+00
6.674330269085916534e+00
6.674129746843467714e+00
6.674446097052105564e+00
6.674182678195538010e+00
6.674180806552595158e+00
6.674189577560372122e+00
6.674077375451314076e+00
6.674224701730050668e+00
6.674363312055775488e+00
6.674239986218270637e+00
6.674183898359987488e+00
6.674225950506548877e+00
6.674321636734190655e+00
6.674327741190626995e+00
6.674345991021930047e+00
6.674344279705403338e+00
6.674241588059089736e+00
6.674200913302731131e+00
6.674194550049826979e+00
6.674199556921704080e+00
6.673985060169749239e+00
6.674166501007986696e+00
6.674204892899216368e+00
6.674385523927957919e+00
6.674216996380954114e+00
6.674176707804827302e+00
6.674333964348881487e+00
6.674056690158238325e+00
6.674129952819790823e+00
6.674227734505578269e+00
6.674269216668559324e+00
6.674395614145616662e+00
6.674147319728858996e+00
6.673999027327798039e+00
6.674242046795387573e+00
6.674220385436252734e+00
6.674069002584810839e+00
6.674244770454036413e+00
6.674137695246185942e+00
6.674200278021504396e+00
6.674170198988633729e+00
6.674212279649444746e+00
6.674182368009437205e+00
6.674239365117347056e+00
6.674177257378426376e+00
6.674285469458348885e+00
6.674273713488459769e+00
6.674180848225176099e+00
6.674124976809375553e+00
6.674042847946410006e+00
6.674257474494422304e+00
6.674225286308868021e+00
6.674129427204342768e+00
6.674232701213256291e+00
6.674117683459767747e+00
6.674081641356908179e+00
6.674041591285248209e+00
6.674425647931179206e+00
6.674111773485744692e+00
6.674092195200702626e+00
6.674221225763883325e+00
6.674084634697595497e+00
6.674169400184728040e+00
6.674203517054083434e+00
6.674168685697074110e+00
6.674260284759815143e+00
6.674260947200573391e+00
6.674061170532332277e+00
6.674234647655178598e+00
6.673997055717205917e+00
6.674231816751277968e+00
6.674232639481163964e+00
6.674110743834024362e+00
6.674061918949740324e+00
6.674146410751946590e+00
6.674106602614988226e+00
6.674227186847739191e+00
6.674282308050330847e+00
6.674336860408745409e+00
6.674187194472706253e+00
6.674307159986434534e+00
6.674206130482491339e+00
6.674240736326432888e+00
6.674207064408568257e+00
6.674214656233067089e+00
6.674322970092400276e+00
6.674106211587949922e+00
6.674217950706045954e+00
6.674251650051907347e+00
6.674178481277823316e+00
6.674214886745025055e+00
6.674323762296841878e+00
6.674232118661961088e+00
6.674326106462960873e+00
6.674160371973878902e+00
6.674279870514321367e+00
6.674305600603381627e+00
6.674202457120404830e+00
6.674349356317688553e+00
6.674340256603350952e+00
6.674262666589124926e+00
6.674017425801387127e+00
6.674225420576845202e+00
6.674001230595710155e+00
6.674296783728543403e+00
6.674224598337066716e+00
6.674275248455519005e+00
6.674317551875121879e+00
6.674261795779253603e+00
6.674216721623074555e+00
6.674050996900356303e+00
6.674253588191742637e+00
6.674140534062286356e+00
6.674109583811041801e+00
6.674246819946731080e+00
6.674166742091006022e+00
6.674090579577895532e+00
6.674010821999813992e+00
6.674244804932676800e+00
6.674494529382927865e+00
6.674274010301796345e+00
6.674161187380171611e+00
6.674144615344803633e+00
6.674149676645066087e+00
6.674343167364283680e+00
6.674224207857257340e+00
6.674283790088709978e+00
6.674288346718868503e+00
6.674092203242909527e+00
6.674196251776091771e+00
6.674042647658734673e+00
6.674295957558951109e+00
6.674137415350206659e+00
6.674267820145351138e+00
6.674313377442535611e+00
6.674058252350011600e+00
6.674165240811142930e+00
6.674194295563464330e+00
6.674238748359763385e+00
6.674157809579087441e+00
6.674196835138611839e+00
6.674217626498943901e+00
6.674281995994417294e+00
6.674185934900142669e+00
6.674283633361783430e+00
6.674420556073289212e+00
6.674308471173422852e+00
6.674030807719113056e+00
6.674422918109163660e+00
6.674237691969354458e+00
6.674244725068032125e+00
6.674116795505196542e+00
6.674224067553729434e+00
6.674200117551009726e+00
6.674274920354309693e+00
6.674140950005075013e+00
6.674324726047340839e+00
6.674265423262993657e+00
6.674101848157903305e+00
6.674337895978964319e+00
6.674198460153228929e+00
6.674097305490534815e+00
6.674394792293925960e+00
6.674474037513540736e+00
6.674327545576038467e+00
6.674205767037253878e+00
6.674192519374448906e+00
6.674237465438830341e+00
6.674369648960848167e+00
6.674170588451194597e+00
6.674149279887206632e+00
6.674231520644727134e+00
6.674199802757103228e+00
6.674257324670775482e+00
6.674242478803435574e+00
6.674119680844428082e+00
6.674136952006595180e+00
6.674249040879531414e+00
6.674167150827231332e+00
6.674385272722307860e+00
6.674128277441006674e+00
6.674159898771910626e+00
6.674246983772501807e+00
6.674422309534165265e+00
6.674341809050838847e+00
6.674322338141950972e+00
6.674274366215944276e+00
6.674181992906046190e+00
6.674225219374783968e+00
6.674170836835436660e+00
6.674192412544065256e+00
6.674142186497767248e+00
6.674414416963590391e+00
6.674142747100328066e+00
6.674307906439578275e+00
6.674066573941225045e+00
6.674258852170349421e+00
6.674273047447920604e+00
6.674130567253429902e+00
6.674226670309889364e+00
6.674260890613045838e+00
6.674208862630572447e+00
6.674216510803737457e+00
6.674279768207307839e+00
6.674244679056240415e+00
6.674167287455651021e+00
6.674331996905030095e+00
6.674129893043404316e+00
6.674294273797652721e+00
6.674458275319773648e+00
6.674131854616995874e+00
6.674078515308746518e+00
6.674361504094215469e+00
6.674212082410715396e+00
6.674144824081003513e+00
6.674151851937567770e+00
6.674163545731112812e+00
6.674229371819225598e+00
6.674247793522987138e+00
6.674282153774131032e+00
6.674227821399301597e+00
6.674309968145308858e+00
6.674311635182729852e+00
6.674247303833642064e+00
6.674354274499346928e+00
6.674137524109329256e+00
6.674264347174253764e+00
6.674207556234125427e+00
6.674164197605671589e+00
6.674220898001849811e+00
6.674228923005170344e+00
6.674084189456597649e+00
6.674025797452673991e+00
6.674317105965908326e+00
6.674143000530654568e+00
6.674178825800487047e+00
6.674140676663057548e+00
6.674330278616366741e+00
6.674010978259523164e+00
6.674242578349828037e+00
6.674097579912277922e+00
6.674119985367180874e+00
6.674344828214222147e+00
6.674158748329790392e+00
6.674076260189839793e+00
6.674311944840994215e+00
6.674240157283054309e+00
6.674123593687112610e+00
6.674298907334612174e+00
6.674114807940020100e+00
6.674308580433512716e+00
6.674293275897479560e+00
6.674320553682341561e+00
6.674221378314705966e+00
6.674213553285292200e+00
6.674380569901022575e+00
6.674154097426136190e+00
6.674323077847993169e+00
6.674237712334083916e+00
6.674169868574637121e+00
6.674226401724897784e+00
6.674117958730298561e+00
6.674259476922441259e+00
6.674092121497667840e+00
6.674183523405502250e+00
6.674175977907343515e+00
6.674301599245707983e+00
6.674267739633042318e+00
6.674250697068906391e+00
6.674230987894076428e+00
6.674022704432837294e+00
6.674173571402643113e+00
6.674401518448515702e+00
6.674200159979102764e+00
6.674140523870465636e+00
6.674158397375359542e+00
6.674157850874907538e+00
6.674310543206986246e+00
6.674255903686023395e+00
6.674228729770757873e+00
6.674242953063416195e+00
6.674327718943515286e+00
6.673968842570517701e+00
6.673949829468101669e+00
6.674239716547659462e+00
6.674095526033012149e+00
6.674090053214096763e+00
6.674286135840827860e+00
6.674244475162401713e+00
6.674220969228972677e+00
6.674334140035630192e+00
6.674169930556965724e+00
6.674239185732145252e+00
6.674304996515358468e+00
6.674210286300247930e+00
6.674220609461523068e+00
6.674118865477070450e+00
6.674218520948436151e+00
6.674184169084426799e+00
6.674296703809176279e+00
6.674249071681364498e+00
6.674238094689449063e+00
6.674176778724492998e+00
6.674168404953243261e+00
6.674122109273795012e+00
6.674210172237045491e+00
6.674243422208783194e+00
6.674198661202075833e+00
6.674242147903262534e+00
6.674259806604206702e+00
6.674151008173720534e+00
6.674323530569783891e+00
6.674366201236355600e+00
6.674098102717555214e+00
6.674127542738788499e+00
6.674294359540279942e+00
6.674243053392901359e+00
6.674165543565812264e+00
