6.673672307074200560e+00
6.676036229788964604e+00
6.674010020750784200e+00
6.672744726215714905e+00
6.673268176431718324e+00
6.673600620067094091e+00
6.674218829305067047e+00
6.675129975743225863e+00
6.676037797612607960e+00
6.673069707542015117e+00
6.673759705820463850e+00
6.674939101222337356e+00
6.673865994404397206e+00
6.673887029938702753e+00
6.674752045674342327e+00
6.674380217787978964e+00
6.674668733858103664e+00
6.673097940432576536e+00
6.674254159602341474e+00
6.673317941642247675e+00
6.672989074110181384e+00
6.675766633596683874e+00
6.674462442049843958e+00
6.673596859069009568e+00
6.674083108437981693e+00
6.674033572881976184e+00
6.674997230935288961e+00
6.673521432528318087e+00
6.674867693833528293e+00
6.674387910635936727e+00
6.674211156896263653e+00
6.674774638692031914e+00
6.676220089970255067e+00
6.673992312958883844e+00
6.675380457189371342e+00
6.674069518027748060e+00
6.675487910934549518e+00
6.672206245330191798e+00
6.673738029958784956e+00
6.673674957142293529e+00
6.674369681825670142e+00
6.672137439412033189e+00
6.674610254476769811e+00
6.675198891364419573e+00
6.675496841945950166e+00
6.673609907450050116e+00
6.674630610933990127e+00
6.672913301714397782e+00
6.672050177745396660e+00
6.673963995047714981e+00
6.675984732466186067e+00
6.675058267625354702e+00
6.674997897347121345e+00
6.674295926497329390e+00
6.674932929739433973e+00
6.673480703405086700e+00
6.675295328471973377e+00
6.675399230168585163e+00
6.674594940423263623e+00
6.673367477202245546e+00
6.673653490639030572e+00
6.674061014867617381e+00
6.674620891296507708e+00
6.674823201970781383e+00
6.674052681421026811e+00
6.674148420881554244e+00
6.673204219645374913e+00
6.675843633141671063e+00
6.675537863284874973e+00
6.672734621633215291e+00
6.674330338913997629e+00
6.675263929155809350e+00
6.674044451645631426e+00
6.674539388246487626e+00
6.674478442647385101e+00
6.674474136578067984e+00
6.673999920777148986e+00
6.673667317998675408e+00
6.674873295341942736e+00
6.674416127583870484e+00
6.673004031572441264e+00
6.674474778263153496e+00
6.672938170743998754e+00
6.674311106582223374e+00
6.674025622462026242e+00
6.675291068401446815e+00
6.674118121231561673e+00
6.673975087820401164e+00
6.674535205711468855e+00
6.673716841777788567e+00
6.674094766495768383e+00
6.675165992346270727e+00
6.674054334166286573e+00
6.672996026185647800e+00
6.674984329720454745e+00
6.673846636876342941e+00
6.673326472774136597e+00
6.673133882924350502e+00
6.674226972408833447e+00
6.676764205783812578e+00
6.673165583475801022e+00
6.674871521053772128e+00
6.673507875957955804e+00
6.673413935238517780e+00
6.674947309022407183e+00
6.673915567772465529e+00
6.673701473666819872e+00
6.675302892182798153e+00
6.673563607639111162e+00
6.674115935165107594e+00
6.674335572324952892e+00
6.673672767860396426e+00
6.674703170629005200e+00
6.675671714519738842e+00
6.673380009352416486e+00
6.671795364197511624e+00
6.674571014759971277e+00
6.673878289381386608e+00
6.672429025516657397e+00
6.674210239590713023e+00
6.673140016851851541e+00
6.673578772202779952e+00
6.676341129160383581e+00
6.672477420718659680e+00
6.674036782906619614e+00
6.673442771978780108e+00
6.674447063105235500e+00
6.674682234764347299e+00
6.675366105159784347e+00
6.675480765958418772e+00
6.674893076495481026e+00
6.673637240654914926e+00
6.674052072898686738e+00
6.674774229752880927e+00
6.675151661531144143e+00
6.673564668810789691e+00
6.674373417609763770e+00
6.674994090316702433e+00
6.674715801138534133e+00
6.674982333027605463e+00
6.674411173208844694e+00
6.674575728042675848e+00
6.673604434708992450e+00
6.674971006545662888e+00
6.675058392737585500e+00
6.675281311229209535e+00
6.672130175908106864e+00
6.673602269234234718e+00
6.675394151305058088e+00
6.673429319461819276e+00
6.673400730476282128e+00
6.674610622278894567e+00
6.675360074997811921e+00
6.673301933357191018e+00
6.675659270668171885e+00
6.674015704657199954e+00
6.673893847732593976e+00
6.674272555360317050e+00
6.673401807147123499e+00
6.674563941003370360e+00
6.675109464014245653e+00
6.674828510799933667e+00
6.675325400771777495e+00
6.672004887953824515e+00
6.673191886315525956e+00
6.674687894473495753e+00
6.674671840171567005e+00
6.672980166573946548e+00
6.674570273028464840e+00
6.673435784624992984e+00
6.673051066473565385e+00
6.674631480934576366e+00
6.674047455086121516e+00
6.675266549346174472e+00
6.675593330151965432e+00
6.674800217668551028e+00
6.674715762375759809e+00
6.674770477018931558e+00
6.675106016533682407e+00
6.673415381938482938e+00
6.674639461708924415e+00
6.674424213629636782e+00
6.674216457232879485e+00
6.675302996663345922e+00
6.673332053181174395e+00
6.674576403393782442e+00
6.673998745514211350e+00
6.674758062920757240e+00
6.674426187499718388e+00
6.674955711648902223e+00
6.674070839296440738e+00
6.674988375657628481e+00
6.675199934329616447e+00
6.673072363610129010e+00
6.675387740432497274e+00
6.673292008122453822e+00
6.675007973476672518e+00
6.673979605176979746e+00
6.674582248783798910e+00
6.675989969374458433e+00
6.674255824995581676e+00
6.673282373746298290e+00
6.674724407431659401e+00
6.674541489492431978e+00
6.673311997941441476e+00
6.674812021057078937e+00
6.673369231011844427e+00
6.674232047724141914e+00
6.673833876558937561e+00
6.674322315768720593e+00
6.674188832774206048e+00
6.674486351828341490e+00
6.674335552351149836e+00
6.672683815884148828e+00
6.673866161128736429e+00
6.675190742523140486e+00
6.674547356984987800e+00
6.675346655278308283e+00
6.674508212427844533e+00
6.673992089555354390e+00
6.673646764669962650e+00
6.673772572505327183e+00
6.674630471106747898e+00
6.672814949661412420e+00
6.674860461445069504e+00
6.674109688303228261e+00
6.673915870562993291e+00
6.674056854053296739e+00
6.674208084555004916e+00
6.672853421603920587e+00
6.674320293358563916e+00
6.674504110272429180e+00
6.673950786695306725e+00
6.673618230346642477e+00
6.672433297801715568e+00
6.672696365543457908e+00
6.674908058764018826e+00
6.672771784756372782e+00
6.675408624711733907e+00
6.675470830568515979e+00
6.673556351090580208e+00
6.673067290353611902e+00
6.674205606313988959e+00
6.674300860493268317e+00
6.671957702397231849e+00
6.674876761408901515e+00
6.673168424200916604e+00
6.674268177907266342e+00
6.673671542307674009e+00
6.674481736305802215e+00
6.675810626653792212e+00
6.671664608446748801e+00
6.673898053277245168e+00
6.673394183609427266e+00
6.674164854538979341e+00
6.674684764366171308e+00
6.672867922582273792e+00
6.673514628830153228e+00
6.676625333413851671e+00
6.674324458199917487e+00
6.674716102451645483e+00
6.673302643127949629e+00
6.674628660234827038e+00
6.675386469595721906e+00
6.672443706084812298e+00
6.673640377625011944e+00
6.674089005789960893e+00
6.675058116047485335e+00
6.673311301578810806e+00
6.674819397298749735e+00
6.674919431311254314e+00
6.673256861033000753e+00
6.673111155192099631e+00
6.674265357602136461e+00
6.673072084184354935e+00
6.674343879324880824e+00
6.673394739439684642e+00
6.675371807897535703e+00
6.674182667031734795e+00
6.674142864276924492e+00
6.673566405267009394e+00
6.675872208769312088e+00
6.674634080325021479e+00
6.672764123518173385e+00
6.672644477597727608e+00
6.674519081908949936e+00
6.674762835808492945e+00
6.673430915689580800e+00
6.675123917639742110e+00
6.675383728355092749e+00
6.673381095767753735e+00
6.673168097739883287e+00
6.674295869352595112e+00
6.674423378564522835e+00
6.674706428307374040e+00
6.674586709794860795e+00
6.673039123855208032e+00
6.673769032453540362e+00
6.674819664328231816e+00
6.673552220666814527e+00
6.673112943037660116e+00
6.672154019179349582e+00
6.672744926625258088e+00
6.674406751775574520e+00
6.675460756586833355e+00
6.672659281400710185e+00
6.674978732223344480e+00
6.674416214672739933e+00
6.675625454788131741e+00
6.675648426674008817e+00
6.672789191844749723e+00
6.674626050427192148e+00
6.673683234720511059e+00
6.673645128492192491e+00
6.673860777651424492e+00
6.674765382388955004e+00
6.674791658837676778e+00
6.675700662823406795e+00
6.673155773238278243e+00
6.674234064633934871e+00
6.673155646063499091e+00
6.673978205990105828e+00
6.673646686109689696e+00
6.675852188787796848e+00
6.675007247078836414e+00
6.672760171541810337e+00
6.674174770890296315e+00
6.674200312248147249e+00
6.673573441779022453e+00
6.673186230624124526e+00
6.673880247096715124e+00
6.673503446308241216e+00
6.674203521200805511e+00
6.670929593499680621e+00
6.675499276197846221e+00
6.673954175518854726e+00
6.675161786434458122e+00
6.673498324204135912e+00
6.676153541339979292e+00
6.673424582175737640e+00
6.673613627227301670e+00
6.674690652356709109e+00
6.673344832820088612e+00
6.674678872812514818e+00
6.674939322677185594e+00
6.674489289244588619e+00
6.675335521205469469e+00
6.674176429590075621e+00
6.673988544311320936e+00
6.673325876778662291e+00
6.674738617950324304e+00
6.673917294900712172e+00
6.674675759339953274e+00
6.675265591168855650e+00
6.674923819301101346e+00
6.674992378182651009e+00
6.676160401337483563e+00
6.675024969550872100e+00
6.673762224990309022e+00
6.673708508617353097e+00
6.674095636583563085e+00
6.676132180172897002e+00
6.673274279653282903e+00
6.674379690757900718e+00
6.674026333576248859e+00
6.673588858409047475e+00
6.673951198466173018e+00
6.674054198738200938e+00
6.674298071544807698e+00
6.675505026436651335e+00
6.674176514700786988e+00
6.674361117513963215e+00
6.673137908888608472e+00
6.673805822299041957e+00
6.674493643296779410e+00
6.672967943274405123e+00
6.674167792591518378e+00
6.673886024570967912e+00
6.673486029137085218e+00
6.674468500394747927e+00
6.673791699949410905e+00
6.673951215686978244e+00
6.673930116126122414e+00
6.674784914735515606e+00
6.673751915217050801e+00
6.675138555614632097e+00
6.674378813109328235e+00
6.674877222724574288e+00
6.673612002002530019e+00
6.673322247319936729e+00
6.674770872388172904e+00
6.672615439388601466e+00
6.675218441372312128e+00
6.675561685535466694e+00
6.673622786528276229e+00
6.673078906803892707e+00
6.675200606854895469e+00
6.675044135056058536e+00
6.673569164019199640e+00
6.674804039041117854e+00
6.674210589843231567e+00
6.674669931704260151e+00
6.674791827725145232e+00
6.674352389453762413e+00
6.673835062034049415e+00
6.674447876722064521e+00
6.674495672001935276e+00
6.673815722039184273e+00
6.673813952359606283e+00
6.675594526029757780e+00
6.673799516333090764e+00
6.674555642109029741e+00
6.672678489465568852e+00
6.674125391601644530e+00
6.674504671655047794e+00
6.672813518604034044e+00
6.673140905833669478e+00
6.672583622366203393e+00
6.675204525420921797e+00
6.674071711464813816e+00
6.674641300850300496e+00
6.673217695200271748e+00
6.673300686649100477e+00
6.674757406863449205e+00
6.675452805251894439e+00
6.673046044241099928e+00
6.674441741568420738e+00
6.673849242646171298e+00
6.674292495434785089e+00
6.675112862616676246e+00
6.673943630418226469e+00
6.675134492038418799e+00
6.676546933111042748e+00
6.674887636465468788e+00
6.675508676385249807e+00
6.674850298421080907e+00
6.673812631060638267e+00
6.673912631329987022e+00
6.674028131868312563e+00
6.673053797415149369e+00
6.674444492923167438e+00
6.674998441031474883e+00
6.674144324361694913e+00
6.674075832033686595e+00
6.674570469892834979e+00
6.675333034906672403e+00
6.674510030291106233e+00
6.674767145078843278e+00
6.675336955599109778e+00
6.675535313743692356e+00
6.674062863204957452e+00
6.673598769974784517e+00
6.676893774007220728e+00
6.674500378654634858e+00
6.674645250230001992e+00
6.673438339267325325e+00
6.674776140781608191e+00
6.676198846713356616e+00
6.675080254761697418e+00
6.674055882080946134e+00
6.673752780098525683e+00
6.675128039327541174e+00
6.673991964244688546e+00
6.674637907417423577e+00
6.674620277402086188e+00
6.674904481980457049e+00
6.674225943763741675e+00
6.675528889777733177e+00
6.674861111041331618e+00
6.674201083129883472e+00
6.674625577111181762e+00
6.673856653079656809e+00
6.676143452726649663e+00
6.674827303040606452e+00
6.673221842929868863e+00
6.675126110486299780e+00
6.676704458251135677e+00
6.674509310766114645e+00
6.673932815965660126e+00
6.673637328177010275e+00
6.673284667236566214e+00
6.674314501823222834e+00
6.673595300455272827e+00
6.675788253740650546e+00
6.675140892994246400e+00
6.674582682713738002e+00
6.675149234628515060e+00
6.676811879572739805e+00
6.675356237470320586e+00
6.674442800980443735e+00
6.673313376118725770e+00
6.675609201093727130e+00
6.674608494205554798e+00
6.672530669792686275e+00
6.675780416590357369e+00
6.674097931702948294e+00
6.675005791097953889e+00
6.673373073291262614e+00
6.675064969891712607e+00
6.673170124476383691e+00
6.674712069008166715e+00
6.675236250328124399e+00
6.674459026158165109e+00
6.673610812921291213e+00
6.674425124266829101e+00
6.674101727450701738e+00
6.672197304852880428e+00
6.673788990686530198e+00
6.673727167433519014e+00
6.672443192925738842e+00
6.674058649894703876e+00
6.673543354141934003e+00
6.674070376836465535e+00
6.675425009444222901e+00
6.675040671222317812e+00
6.673583275782251079e+00
6.674986376721028236e+00
6.674305440340618567e+00
6.673841323193393293e+00
6.673300521215095316e+00
6.674984594026062368e+00
6.675147903771388336e+00
6.674967781649595366e+00
6.674891464729491020e+00
6.672803045429996693e+00
6.674737104503472906e+00
6.674559043002097347e+00
6.673343813301401362e+00
6.672703169569308201e+00
6.674924085734205370e+00
6.674874286966619330e+00
6.673319710813824024e+00
6.674203966273572597e+00
6.673720592088417725e+00
6.671877479214944451e+00
6.674103110557107144e+00
6.674876707807610110e+00
6.674541980002856256e+00
6.674200816473004672e+00
6.673498573911667897e+00
6.675736301002687334e+00
6.674018691869425979e+00
6.674122548070708483e+00
6.674474905496437849e+00
6.675482733440220251e+00
6.674487992192010388e+00
6.673034095055975889e+00
6.676956464928432311e+00
6.673512687339842486e+00
6.675037922214282382e+00
6.675404893084988522e+00
6.674629736591279894e+00
6.674574477034282971e+00
6.674388736053614046e+00
6.674307274514345245e+00
6.674667997776857931e+00
6.674118756797696506e+00
6.676502350623953141e+00
6.674506737688908231e+00
6.674612048719057888e+00
6.674379108879498368e+00
6.673854847170643367e+00
6.673762067654839925e+00
6.672886535291319809e+00
6.674739578297341325e+00
6.673927756049005566e+00
6.674928856537269084e+00
6.673694959495369616e+00
6.674189107899639595e+00
6.674782600117672438e+00
6.674490104915001609e+00
6.674512499562895940e+00
6.673046041648442284e+00
6.672739298942605757e+00
6.673231586483899136e+00
6.674118622911501042e+00
6.673876431375986407e+00
6.674680544244985470e+00
6.672967765334281154e+00
6.673299479791489297e+00
6.673405424368267447e+00
6.673798246182461646e+00
6.674236858635537395e+00
6.673141541531180998e+00
6.673007573396180447e+00
6.673968295862440669e+00
6.674092625330676043e+00
6.674917914281916609e+00
6.672313778652186222e+00
6.672460796724175580e+00
6.675593311027595789e+00
6.672944130059964785e+00
6.672942289643377656e+00
6.673517631540783590e+00
6.675191682433231577e+00
6.673559076411806679e+00
6.673017211473079691e+00
6.673928153143269704e+00
6.674509227847947201e+00
6.673683565547336549e+00
6.674090531293497719e+00
6.675804257850668222e+00
6.673474029673932328e+00
6.673569089397585863e+00
6.670714490163915045e+00
6.673083498989774043e+00
6.673494465407108223e+00
6.673054502077774508e+00
6.675443257588297818e+00
6.674327195873595464e+00
6.674900050435747190e+00
6.674597462959017236e+00
6.674359135899359252e+00
6.673960630856983656e+00
6.674249962186318719e+00
6.674248613417869791e+00
6.674596604612749395e+00
6.675321222782193864e+00
6.675138538819863854e+00
6.675402259420671669e+00
6.674272932963072336e+00
6.673398888598142342e+00
6.674823156736553464e+00
6.673377633759174365e+00
6.673631630277134796e+00
6.676170683871783140e+00
6.674443937233847990e+00
6.674409729470817787e+00
6.674005102147807733e+00
6.674271959234134854e+00
6.674868078193753718e+00
6.674075362387378973e+00
6.674560017272042955e+00
6.674830918067424790e+00
6.675028107722596360e+00
6.673541825902013613e+00
6.673838872639000996e+00
6.673444754331519846e+00
6.673540251832352332e+00
6.673787638842027192e+00
6.674644235169688855e+00
6.673642148572208832e+00
6.673609482790872072e+00
6.672492738695392944e+00
6.674681622568765960e+00
6.673311092737902683e+00
6.674572494826533031e+00
6.675355578223207687e+00
6.674069604932130417e+00
6.674288465149155414e+00
6.675266115015855206e+00
6.674116746754307883e+00
6.675056285862785543e+00
6.672560877621321218e+00
6.674754244225990618e+00
6.674495864536330814e+00
6.674334954253468233e+00
6.673440858747899718e+00
6.673636649651730757e+00
6.673633389498412782e+00
6.674685015932301013e+00
6.675106980027859294e+00
6.673882805053525047e+00
6.673696122233613082e+00
6.675077036517043538e+00
6.675897977829249541e+00
6.672994298130466184e+00
6.675941728014605836e+00
6.675275355954484624e+00
6.673322882471421913e+00
6.673689275577808999e+00
6.674126115517451829e+00
6.673923192789381176e+00
6.673315390175321049e+00
6.674119904841300688e+00
6.674301390847188209e+00
6.674044692226835274e+00
6.675566996153159849e+00
6.674661960976665753e+00
6.674339356566523662e+00
6.673819035478643968e+00
6.674918586931286590e+00
6.675813802410980990e+00
6.674258054339565760e+00
6.673769556658979418e+00
6.673610699632444465e+00
6.673815749764820282e+00
6.673824294444534289e+00
6.673601304742686757e+00
6.674551025363144596e+00
6.673629411857347371e+00
6.675334187730985747e+00
6.674872773857842390e+00
6.673822504216150975e+00
6.673986118353289143e+00
6.675539192684586176e+00
6.674579825022360247e+00
6.675264164810245759e+00
6.673446741091361822e+00
6.675492077426187443e+00
6.673930779629315246e+00
6.674135625653710768e+00
6.673387136849559198e+00
6.675607407572772267e+00
6.673206176221822439e+00
6.675269622622002963e+00
6.674732026882600699e+00
6.675257045127116484e+00
6.676031717427574286e+00
6.675521507945608946e+00
6.672907277568807416e+00
6.674771770556495731e+00
6.675380400602988651e+00
6.674302084879654373e+00
6.675335484517202822e+00
6.674009450693826118e+00
6.674335973053445947e+00
6.674071307057337421e+00
6.675367059759302002e+00
6.675044102812791813e+00
6.674632059656950389e+00
6.674869677720709049e+00
6.675153132737325912e+00
6.673794197623361235e+00
6.674176187433849883e+00
6.674602196022906497e+00
6.671693378442015820e+00
6.672864485113815469e+00
6.675477118635843254e+00
6.673764466879831936e+00
6.672799179464825592e+00
6.673502206461401798e+00
6.674994270022786225e+00
6.675343542862158586e+00
6.673261863878414246e+00
6.674074718197173794e+00
6.673689917413422990e+00
6.673019221915528654e+00
6.674699128528327918e+00
6.673942316861388058e+00
6.675072903533922464e+00
6.674090749823996305e+00
6.674144435434155476e+00
6.674365254191482855e+00
6.672582763739883127e+00
6.676232333059632928e+00
6.672399075290427639e+00
6.674792575405302131e+00
6.673548955258922888e+00
6.673388910436423238e+00
6.674533047558155907e+00
6.674013090650662505e+00
6.675197078031500197e+00
6.674636194415064949e+00
6.674246462343171871e+00
6.674187661989567921e+00
6.671962514377725917e+00
6.674358422586523787e+00
6.674096972325976651e+00
6.674749750275081439e+00
6.672903579825584686e+00
6.673662534571766614e+00
6.674232400395576192e+00
6.674450710065062964e+00
6.673566078912822164e+00
6.674543941324138530e+00
6.675242290893816488e+00
6.674443325558756079e+00
6.674787283071297317e+00
6.673874594056079523e+00
6.672768159384895981e+00
6.674828083196191031e+00
6.674149565845172383e+00
6.673221306465278779e+00
6.674837957864240501e+00
6.674374312308059665e+00
6.673630284997631890e+00
6.674041294190198315e+00
6.674105214754433746e+00
6.673637229564222118e+00
6.673403569482308839e+00
6.672867126912811031e+00
6.672081042169630827e+00
6.674704643769306500e+00
6.674950909494562268e+00
6.675284037335869947e+00
6.673363458850041674e+00
6.675370924572883169e+00
6.673649702185136867e+00
6.673418434741240191e+00
6.674591219676685228e+00
6.673521165816997502e+00
6.674871278945478714e+00
6.674638461653815469e+00
6.675358017868771476e+00
6.674087257320743483e+00
6.673391197867562852e+00
6.673877137461594167e+00
6.673250148446291163e+00
6.674477484209439204e+00
6.673330099649160907e+00
6.673978134144703311e+00
6.675092720055216589e+00
6.676759128076367844e+00
6.673581796645676967e+00
6.673790820318745709e+00
6.674610656080099957e+00
6.675103138774321820e+00
6.673124037158027377e+00
6.674554084309795243e+00
6.673840022267809147e+00
6.674034519956720146e+00
6.675088515560363867e+00
6.673727503682864715e+00
6.673933894362584773e+00
6.673664486188132017e+00
6.674256411607637496e+00
6.673267558200156380e+00
6.674599958640676789e+00
6.674367904939235707e+00
6.673852237424330980e+00
6.672824830620603720e+00
6.674600580362616498e+00
6.674688387402652801e+00
6.675170326463697457e+00
6.673973485060279209e+00
6.674392539131360991e+00
6.674231990771201772e+00
6.676481515661672361e+00
6.671741566180824812e+00
6.675039122700233918e+00
6.674151299881487809e+00
6.672210717971375438e+00
6.674559771584586798e+00
6.675193404580713086e+00
6.672051528729404879e+00
6.674866592390362285e+00
6.674947257900041286e+00
6.672615064256925521e+00
6.674193911791841849e+00
6.675574689802916240e+00
6.672855903352053808e+00
6.673559867809136570e+00
6.674256367801835843e+00
6.674791204632647634e+00
6.671993765408348764e+00
6.673322411931779996e+00
6.673986079903554192e+00
6.674345675135545441e+00
6.674706019274844415e+00
6.673136482673766245e+00
6.674962528073117518e+00
6.673517497489664052e+00
6.674485557491445675e+00
6.675748311820973946e+00
6.674290699853585807e+00
6.674031800186942753e+00
6.674056565381372153e+00
6.671848226271953841e+00
6.673618930875498734e+00
6.672491511311943846e+00
6.675061094975453635e+00
6.673860649359333763e+00
6.674063644254753846e+00
6.674295229003309515e+00
6.675789193047568126e+00
6.672684671279755619e+00
6.675241362740740314e+00
6.674908357180497021e+00
6.674167600307014503e+00
6.673142646322248517e+00
6.673426432724341772e+00
6.672924168007299706e+00
6.672640612327695564e+00
6.674816146724746879e+00
6.674238559051979713e+00
6.673564073214532044e+00
6.674723309226584966e+00
6.672754882205445881e+00
6.674512043748891621e+00
6.672760312064753840e+00
6.673620070382813907e+00
6.674356390663023220e+00
6.674427241759311791e+00
6.674358911163868591e+00
6.673359371282577612e+00
6.674257503643862499e+00
6.675756009193208662e+00
6.674953994319363204e+00
6.674342780531295816e+00
6.672630178897075659e+00
6.672477496656266993e+00
6.672877685352934130e+00
6.676750710428296820e+00
6.674566299985122519e+00
6.673955363069492108e+00
6.674345973412549426e+00
6.673961700744827752e+00
6.674236916916350459e+00
6.675416601522175419e+00
6.675690224623030744e+00
6.674087100324928024e+00
6.674718186053932634e+00
6.674038380223034750e+00
6.673169629038993023e+00
6.673909853160433947e+00
6.674469067744066564e+00
6.674449961565091627e+00
6.675484050093731803e+00
6.674538140047181933e+00
6.672226623597075523e+00
6.673259004360233781e+00
6.675050857504410295e+00
6.674221888537968717e+00
6.674768200466204782e+00
6.674096271780502576e+00
6.674577512551933545e+00
6.672978213221819388e+00
6.674550238886112652e+00
6.675943863088034114e+00
6.675682041209902273e+00
6.673778068971846444e+00
6.675504801713592506e+00
6.673041327501524123e+00
6.674751211196685574e+00
6.674644739467471943e+00
6.672500668015215020e+00
6.673764620463281005e+00
6.674905901795679775e+00
6.674600932428189637e+00
6.674959295394799597e+00
6.673658961751502083e+00
6.675651256791213406e+00
6.674129741406466643e+00
6.674498140693785331e+00
6.674247880122216259e+00
6.674263777922003094e+00
6.673789440786729976e+00
6.675858282886303563e+00
6.673122338358069783e+00
6.672731434872367196e+00
6.676476336339869810e+00
6.672934536179750964e+00
6.673508218284011306e+00
6.674873680827370315e+00
6.672748218364469963e+00
6.673425299095567809e+00
6.675003880411240154e+00
6.675119479164335345e+00
6.674932293189128174e+00
6.674661616358278593e+00
6.675165048227141185e+00
6.674240685165948150e+00
6.675986037668579343e+00
6.673762525564150394e+00
6.674052066348203915e+00
6.675731466063098196e+00
6.676514762287830251e+00
6.672429799937479977e+00
6.675667565917648538e+00
6.672766470677245820e+00
6.674904962974289369e+00
6.675369376221067519e+00
6.674420319828673342e+00
6.672370621836930304e+00
6.673281734305033019e+00
6.674299783541690623e+00
6.675067337952826030e+00
6.676181483366240954e+00
6.674706708578957759e+00
6.674870827301552012e+00
6.674161510773375383e+00
6.674829172557516621e+00
6.675177817635737476e+00
6.675127110772441696e+00
6.674813519947742080e+00
6.674662839221497279e+00
6.674050640817405622e+00
6.676740623274461051e+00
6.674099964360206805e+00
6.673696018832446342e+00
6.674199964683697139e+00
6.673806034801628151e+00
6.673957579403213103e+00
6.674524965443239033e+00
6.675118988837360767e+00
6.673553227953004097e+00
6.673897370645503813e+00
6.673601537446659293e+00
6.675260530133996895e+00
6.674088813864330838e+00
6.675507892940741428e+00
6.677115806083394389e+00
6.675922030252475992e+00
6.673896641611414715e+00
6.673662407510484229e+00
6.673451071538787360e+00
6.674511428368782973e+00
6.673180615789177317e+00
6.676297081423890667e+00
