6.674191262821661752e+00
6.674050419829111291e+00
6.674484778878182922e+00
6.674323906951231677e+00
6.674449864057286241e+00
6.674199761995505575e+00
6.674450156000538925e+00
6.674330875829928900e+00
6.674171019757568324e+00
6.674294989254466515e+00
6.674360829440095344e+00
6.674257710999819793e+00
6.674046117544743417e+00
6.674108026265843208e+00
6.674352050072299036e+00
6.674135087450168591e+00
6.674218271908766376e+00
6.674287856245830319e+00
6.674272170894232303e+00
6.674193980872437315e+00
6.674341274258360102e+00
6.674153095455162443e+00
6.673965376969913876e+00
6.674372910332173170e+00
6.674209767537264248e+00
6.674352623116101668e+00
6.673999799912170516e+00
6.674237180647242695e+00
6.674142096561288540e+00
6.673988078587639983e+00
6.674215407737222883e+00
6.674147061571332529e+00
6.674208009467893277e+00
6.674247589889047205e+00
6.674238570974600826e+00
6.674269331271998951e+00
6.674319611239647010e+00
6.674328345241605120e+00
6.674466009716158332e+00
6.674235924795157260e+00
6.674060098057699619e+00
6.674246241462849838e+00
6.674094131984984024e+00
6.674115594336378798e+00
6.674326273445888802e+00
6.674415100793203770e+00
6.674346106416341406e+00
6.674220916101988976e+00
6.674203501732001165e+00
6.674339180423507933e+00
6.674351161634415774e+00
6.674109233909342187e+00
6.674389335891371289e+00
6.674186069734061810e+00
6.674324921364560126e+00
6.674111593498675887e+00
6.674514653427464417e+00
6.674410108209539061e+00
6.674058319694551322e+00
6.674182567200951155e+00
6.674280149031866394e+00
6.674410549433182460e+00
6.674183334451188720e+00
6.674292054113933226e+00
6.674417569589524035e+00
6.674297179920864131e+00
6.674250864829811114e+00
6.674338357479318695e+00
6.674297701954130524e+00
6.674201283132940254e+00
6.674246394412198136e+00
6.674471999813410328e+00
6.674275310542417294e+00
6.674235633079640628e+00
6.674316726105272046e+00
6.674138918645980745e+00
6.674262162954967437e+00
6.674124538247706795e+00
6.674019522900055179e+00
6.674172562500882755e+00
6.674468932202349158e+00
6.674329544992769314e+00
6.674381023900383347e+00
6.674202807767397161e+00
6.674388868813852405e+00
6.674189263916172621e+00
6.674234186736112129e+00
6.674464958866318298e+00
6.674190893825432624e+00
6.674108805386620880e+00
6.674215325352772510e+00
6.674070704277777821e+00
6.674309575044885534e+00
6.674213733489743561e+00
6.674249678382496498e+00
6.674223279653203278e+00
6.674472591817954381e+00
6.674247902486287742e+00
6.674080339818262431e+00
6.674461909383007097e+00
6.674514470627083362e+00
6.674253705525736713e+00
6.674151988884483799e+00
6.674204048741770201e+00
6.674321057063451690e+00
6.674382394714200473e+00
6.674212520690932848e+00
6.674362709738293375e+00
6.674255733176361893e+00
6.674346687811082646e+00
6.673997067132056316e+00
6.674204558469206461e+00
6.674385730370290482e+00
6.674314730594567813e+00
6.674344182241124024e+00
6.674264003411716217e+00
6.674198623110494388e+00
6.674271827005120450e+00
6.674293392537852476e+00
6.674050999227263858e+00
6.674465549069107162e+00
6.674511667462738274e+00
6.674197630355923394e+00
6.674372943509546019e+00
6.674422637997814434e+00
6.674340901874606935e+00
6.674199009626837764e+00
6.674146051317725536e+00
6.674250166331002099e+00
6.674103768116902202e+00
6.674296391062504163e+00
6.674241546636732636e+00
6.674482044989642482e+00
6.674361527810984462e+00
6.674285282553820586e+00
6.674335795006656191e+00
6.674339801177745279e+00
6.674393373140427244e+00
6.674126100275262985e+00
6.674231860723060628e+00
6.674191072633705701e+00
6.674248887153701126e+00
6.674339999186011063e+00
6.674081589550034721e+00
6.674345147968999470e+00
6.674408128054926337e+00
6.674356639054331630e+00
6.674128858514445817e+00
6.674032503554996332e+00
6.674326111595055622e+00
6.674448628625611057e+00
6.674097340898185848e+00
6.674093753985237853e+00
6.674357067441595959e+00
6.674129538832308306e+00
6.673952265483951152e+00
6.674213901098203117e+00
6.674208610603151293e+00
6.674120396432273949e+00
6.674307074768430326e+00
6.674389476092204454e+00
6.674236314025061567e+00
6.674411535303496734e+00
6.674140103682593583e+00
6.674202705592340301e+00
6.674382486365947997e+00
6.674356839417345810e+00
6.674259968812130239e+00
6.674405633796913762e+00
6.674263041826313803e+00
6.674262888949767714e+00
6.674185281673953973e+00
6.673991620934285329e+00
6.674244178794572768e+00
6.674526444251902113e+00
6.674469174721543219e+00
6.674211492014228142e+00
6.674233539937250548e+00
6.674351580794208871e+00
6.674173490847077339e+00
6.674268437804865783e+00
6.674517371147429046e+00
6.674353432662534225e+00
6.674278194588100455e+00
6.674091527257658640e+00
6.674342837811900964e+00
6.674219219468517039e+00
6.674246366813088471e+00
6.673997494652018858e+00
6.674141481200790871e+00
6.674115944736517925e+00
6.674270805843058874e+00
6.674261499803471942e+00
6.674141109482764733e+00
6.674272521954538462e+00
6.674138810513609243e+00
6.674288972744396808e+00
6.674363044723916616e+00
6.674143214916041345e+00
6.674433135040823473e+00
6.674128399234692921e+00
6.674143648716869492e+00
6.674157340312327769e+00
6.674327366043286247e+00
6.674188800578614966e+00
6.674259083608935050e+00
6.674137762443039357e+00
6.674299982915913532e+00
6.674311641001779982e+00
6.674290723682183568e+00
6.674049264325839559e+00
6.674353474250683149e+00
6.674441093191119556e+00
6.674435503523319824e+00
6.674288878910028089e+00
6.674209811357028954e+00
6.674184933999120162e+00
6.674422450812897978e+00
6.674319145374661311e+00
6.674422266749820309e+00
6.674492536211085181e+00
6.674091355366701173e+00
6.674289993146417466e+00
6.674268096640441073e+00
6.674343607360796682e+00
6.674068571587734588e+00
6.674243774027919684e+00
6.674107175484196297e+00
6.674215388422189754e+00
6.674073677795105297e+00
6.674161209036932441e+00
6.674371105111106317e+00
6.674412220957365527e+00
6.674363052148491349e+00
6.674325010356485954e+00
6.674392378915791291e+00
6.674090351678012567e+00
6.674428917326653554e+00
6.674371579541229060e+00
6.674214234716159488e+00
6.674115995702480930e+00
6.674200323564489779e+00
6.674314029733443121e+00
6.674225195038666847e+00
6.674328343317687207e+00
6.674306256270747362e+00
6.674161511490278365e+00
6.674063075886882856e+00
6.674222309955900378e+00
6.674204487786081330e+00
6.674275696337828023e+00
6.674511229193792694e+00
6.674496963226622448e+00
6.674332982530187586e+00
6.674346824522852550e+00
6.674162561402767757e+00
6.674252404556943574e+00
6.674311314333844614e+00
6.674080444994627825e+00
6.674417023012082950e+00
6.674167022500575364e+00
6.674222460026618897e+00
6.674151065599370547e+00
6.674287921154985703e+00
6.674110437379581207e+00
6.674168541103148833e+00
6.674314674980196038e+00
6.674106022577456443e+00
6.674070090971171432e+00
6.674357726972458771e+00
6.674202055697409541e+00
6.674529675842311605e+00
6.674302789049372464e+00
6.674207413744578155e+00
6.674557436955453227e+00
6.674333949714263525e+00
6.674420968419934930e+00
6.674378662340520130e+00
6.674409853545188120e+00
6.674271837553701126e+00
6.674009067421708075e+00
6.674084293138434987e+00
6.674376283072338545e+00
6.674284756802132179e+00
6.674282453605979271e+00
6.674279917977335330e+00
6.674114268758461144e+00
6.674396119587276743e+00
6.674196861730071539e+00
6.674402633701763676e+00
6.674046798338166830e+00
6.674396944959251954e+00
6.674298992818187948e+00
6.674395713487577098e+00
6.674446915415203740e+00
6.674137675326386798e+00
6.674372421889071205e+00
6.674228594865446063e+00
6.674080350548430296e+00
6.674315311179614518e+00
6.674306620165346260e+00
6.674279532687305228e+00
6.674299177207336342e+00
6.674114331114894938e+00
6.674162763251641373e+00
6.674301999817846998e+00
6.674329090145619148e+00
6.674135435602064348e+00
6.674296437390578873e+00
6.674254911462063511e+00
6.674242426443727894e+00
6.674158373823813939e+00
6.674249963097975247e+00
6.674391444684911967e+00
6.674228638323490337e+00
6.674194670065396018e+00
6.674092277713605803e+00
6.674110685700481049e+00
6.674229378163993864e+00
6.674263346925733309e+00
6.674332802126083486e+00
6.674238852140566891e+00
6.673961985462785407e+00
6.674136284349677872e+00
6.674079472238138244e+00
6.674243590107419521e+00
6.674232090517866922e+00
6.674401613664129762e+00
6.673919715742465009e+00
6.674247778503531237e+00
6.674662540491453022e+00
6.674080276232616349e+00
6.674240074316101889e+00
6.674146019714791933e+00
6.674160840206954326e+00
6.674327685897242013e+00
6.674180665484604980e+00
6.674327114058733024e+00
6.674293597464677319e+00
6.674411995525635355e+00
6.674145458283720522e+00
6.674140828424162564e+00
6.674272119745110921e+00
6.674377285726015074e+00
6.674340572517886372e+00
6.674443139100275424e+00
6.674319858734435229e+00
6.674356606964118477e+00
6.674370408884154671e+00
6.674248125092479889e+00
6.674134785895195598e+00
6.674178210396476629e+00
6.674228158640914899e+00
6.674316801158133750e+00
6.674284246716840840e+00
6.674189934874279473e+00
6.674531419733302329e+00
6.674284289230171474e+00
6.674196059521413815e+00
6.674239827950926518e+00
6.674277832069391181e+00
6.674325711232977021e+00
6.674406514889065001e+00
6.674242796415991386e+00
6.674107149139572037e+00
6.674274833460928313e+00
6.674280547384783269e+00
6.674340729477056477e+00
6.674065476086228799e+00
6.674209789383996672e+00
6.674128530972001094e+00
6.674263473742797714e+00
6.674224585234849627e+00
6.674046187185360246e+00
6.674185105390429307e+00
6.674242887503460508e+00
6.674436669561285562e+00
6.674082869694272446e+00
6.673936560456435352e+00
6.674395919871573213e+00
6.674325607751729450e+00
6.674268709960114343e+00
6.674405462648034693e+00
6.674330921262319194e+00
6.674057225116075465e+00
6.674309659567332353e+00
6.674224116587684996e+00
6.674081436750230800e+00
6.674137441829897988e+00
6.674245004065382680e+00
6.674205587919596283e+00
6.674454897196756775e+00
6.674170887554372378e+00
6.674224943644005315e+00
6.674252811928799822e+00
6.674432848913181893e+00
6.674110732643410593e+00
6.674423468199631060e+00
6.674267145816799918e+00
6.674201104790660644e+00
6.674337290830969494e+00
6.674300041662105443e+00
6.674130333681985938e+00
6.674282810157151857e+00
6.674428357434076808e+00
6.674201903469478836e+00
6.674122097060170233e+00
6.674443879982044692e+00
6.674169680102306934e+00
6.674108500551022338e+00
6.674313918622384101e+00
6.674321558935594645e+00
6.674187770541439413e+00
6.674130831046641177e+00
6.674464075244697092e+00
6.674374880868180426e+00
6.674477787718641864e+00
6.674420422887174631e+00
6.674388931398732794e+00
6.674065859193764716e+00
6.674232587654354454e+00
6.674117797355398451e+00
6.674280830970412026e+00
6.674290495492737563e+00
6.674132921979809119e+00
6.674418569117496425e+00
6.674429007465285224e+00
6.674297684063687619e+00
6.674194652167068753e+00
6.674365901385857391e+00
6.674368394090562262e+00
6.674272810482083429e+00
6.674266763913969669e+00
6.674331098347392910e+00
6.674300064315549008e+00
6.674213365958671318e+00
6.674273042140325352e+00
6.674180313604712644e+00
6.674127720826505517e+00
6.674264164564888802e+00
6.674136528478729069e+00
6.674056438856373674e+00
6.674088633716042551e+00
6.674314969865663194e+00
6.674451087042323039e+00
6.674166339095259026e+00
6.674265786504135711e+00
6.674224341948527872e+00
6.674311197882304647e+00
6.674397788496139405e+00
6.674233592502738510e+00
6.674343340361382104e+00
6.674300932717254220e+00
6.674428002045497799e+00
6.674264574697309271e+00
6.674171233286335436e+00
6.674096868011609729e+00
6.674120602102753708e+00
6.674367510903050693e+00
6.674256950415351497e+00
6.674163396924808644e+00
6.674207355253544804e+00
6.674338355686887603e+00
6.674271011894531647e+00
6.673975814417723029e+00
6.674461081645882921e+00
6.674273950555054569e+00
6.674260683567195152e+00
6.674151054178075526e+00
6.674342954456252919e+00
6.674217707604362282e+00
6.674172580679615052e+00
6.674137081391484649e+00
6.674318472316385531e+00
6.674380795151245493e+00
6.674252947597917540e+00
6.674203894679973104e+00
6.674045098467605186e+00
6.674265816244634664e+00
6.674133183842014816e+00
6.674058553116537951e+00
6.674244790317319875e+00
6.674268993834530761e+00
6.674255820422319019e+00
6.674154900035296656e+00
6.674242893651074482e+00
6.674306769635612646e+00
6.674247963190713229e+00
6.674308726044325013e+00
6.674451740717473491e+00
6.674253858160442476e+00
6.674217580766069524e+00
6.674132379294059447e+00
6.674121545989415871e+00
6.674030348706258664e+00
6.674392747299425110e+00
6.674358194517035159e+00
6.674217016204622155e+00
6.674384580492603192e+00
6.674460257881793090e+00
6.674300776512532174e+00
6.674249916245582170e+00
6.674160302647172749e+00
6.674285282392063756e+00
6.674181501642905801e+00
6.674365521663141010e+00
6.674385760385312949e+00
6.674025841304810136e+00
6.674335079525034686e+00
6.673966434775989498e+00
6.674179249145300474e+00
6.674328473082439039e+00
6.674301951644909359e+00
6.674590717840572118e+00
6.674220669031205588e+00
6.674214673753309235e+00
6.674431810951235278e+00
6.674210462307314629e+00
6.674136573667060368e+00
6.674277128285743821e+00
6.674317513699634219e+00
6.674257201835856357e+00
6.674264900658502420e+00
6.674092912860057680e+00
6.674361269187378376e+00
6.674229822010243396e+00
6.674367883568725013e+00
6.674334549399882910e+00
6.674167827231077155e+00
6.674280368126857432e+00
6.673920124854562985e+00
6.674142507834812221e+00
6.674272758255775706e+00
6.674170572638850274e+00
6.674287342826111136e+00
6.674176042198954661e+00
6.674372756948156571e+00
6.674171992931665187e+00
6.674248196891784168e+00
6.674045254260830617e+00
6.674425711451295484e+00
6.674383005250025036e+00
6.674098179552881760e+00
6.674409910077254260e+00
6.674229479400040077e+00
6.674409609421092071e+00
6.674061198823216579e+00
6.674306484161756536e+00
6.674196653887502606e+00
6.674312892250978457e+00
6.674305123526302452e+00
6.674199562166967858e+00
6.674250630720279354e+00
6.673996074937164735e+00
6.674179164642350948e+00
6.674260840859552957e+00
6.674259475581115986e+00
6.674058368142739894e+00
6.674244411519120845e+00
6.674353885220708271e+00
6.674026386089085605e+00
6.674372972855342923e+00
6.674279401068403672e+00
6.674363993127776062e+00
6.674020504671910992e+00
6.674160915458285714e+00
6.674184149474901240e+00
6.674265486594002539e+00
6.674350567316684746e+00
6.674118858315822855e+00
6.674242503271362814e+00
6.674247093313923962e+00
6.673985264810558427e+00
6.674364368081003640e+00
6.673903507572091165e+00
6.674381071750922878e+00
6.674195924421001180e+00
6.674265893616089684e+00
6.674284940307826375e+00
6.674349000003502397e+00
6.674045797178552064e+00
6.674268331130742915e+00
6.674252468490682766e+00
6.674355078046291467e+00
6.674252213286696822e+00
6.674206728216890205e+00
6.674349168588283199e+00
6.674148485825536881e+00
6.674062838001580289e+00
6.674270630514914870e+00
6.674303606554440549e+00
6.674374260991830177e+00
6.674429800755905084e+00
6.674249314513784448e+00
6.674311418207048874e+00
6.674219929697829734e+00
6.674363452909725325e+00
6.674138536956444767e+00
6.674128021681539735e+00
6.674019285299410242e+00
6.674116918770087281e+00
6.673981286874645313e+00
6.674259355889169854e+00
6.674143679200965629e+00
6.674170710600092704e+00
6.674294837885808462e+00
6.674347932621365054e+00
6.674245730266834542e+00
6.674181864961182598e+00
6.674392580542296116e+00
6.674029611077815005e+00
6.674040730427549306e+00
6.674247417049574693e+00
6.674276522653787680e+00
6.674391148835342236e+00
6.674442680768841285e+00
6.674323966294898547e+00
6.674077477517909252e+00
6.674373516362448910e+00
6.674217436734088515e+00
6.674307732007753735e+00
6.674424435200076111e+00
6.674356830589833756e+00
6.674146890277619981e+00
6.674229854863599876e+00
6.674214492308844449e+00
6.674289273860781080e+00
6.674294613999145476e+00
6.674015322159702279e+00
6.673963114383873574e+00
6.674581573554655201e+00
6.674484240460770046e+00
6.674160440169157660e+00
6.674026682422475432e+00
6.674165332552143504e+00
6.674202903695150013e+00
6.674244883228023895e+00
6.674259473837969026e+00
6.674456798788727774e+00
6.674359748036563289e+00
6.673957545035881012e+00
6.674370472058410719e+00
6.674360985210222807e+00
6.674134654667110311e+00
6.674097312701853468e+00
6.674354116393188541e+00
6.674119603304662363e+00
6.674362306403443412e+00
6.674181813259650653e+00
6.674352367482176973e+00
6.674265888017373527e+00
6.674290242316727628e+00
6.674364418751828509e+00
6.674387131881294621e+00
6.674075024148130808e+00
6.674171514242176251e+00
6.674174853095057536e+00
6.674341598275351117e+00
6.674079123512875356e+00
6.674087493041539254e+00
6.673990315420342156e+00
6.674130013789999261e+00
6.674165641719786990e+00
6.674301131267988296e+00
6.674057079525892000e+00
6.674421052874677684e+00
6.674171717036279539e+00
6.674399657967893695e+00
6.674122370852730413e+00
6.674022086181677693e+00
6.674065060315250264e+00
6.674348738964714478e+00
6.674211551525053743e+00
6.674098340882096636e+00
6.674251074065201017e+00
6.674304692458806976e+00
6.674154827342920093e+00
6.674365358037415596e+00
6.674171969516705438e+00
6.674230661567850831e+00
6.674168327429727654e+00
6.674340240792102641e+00
6.674505742911368777e+00
6.674191109735065908e+00
6.674255395273100078e+00
6.674185958474867064e+00
6.674265122139431128e+00
6.674123753744321874e+00
6.674288279310654382e+00
6.674126013078875985e+00
6.674153199835141770e+00
6.674375304249887009e+00
6.674198005812667311e+00
6.674344507707609786e+00
6.674355721175869505e+00
6.674146842540713109e+00
6.674251729051149162e+00
6.674379566852415735e+00
6.674321379317688319e+00
6.674212256504810092e+00
6.674183581348639649e+00
6.674264502648029840e+00
6.674370509777535432e+00
6.674188781150905747e+00
6.674361203493378802e+00
6.674140181111601677e+00
6.674115803706644812e+00
6.674377012427517464e+00
6.674369812969715987e+00
6.674261174714821720e+00
6.674297406431183965e+00
6.674164013060178036e+00
6.674206368153580371e+00
6.674392843618471183e+00
6.674391760407509366e+00
6.674527399379217130e+00
6.674107868179548042e+00
6.674409018652873726e+00
6.674358319157543740e+00
6.674108444807143492e+00
6.674242668520268040e+00
6.674245260323609763e+00
6.674252259118414798e+00
6.674265338131183611e+00
6.674230099179997211e+00
6.674221731801406321e+00
6.674260908333072173e+00
6.674327675808300775e+00
6.674312843431573050e+00
6.674267553590370383e+00
6.674272790146421386e+00
6.674094027146365349e+00
6.674284057117088054e+00
6.674154038222386731e+00
6.674323790522581845e+00
6.674370319555941400e+00
6.674044811350559492e+00
6.674106112369690536e+00
6.674408331217394519e+00
6.674160119417840598e+00
6.674375893689625805e+00
6.674154205188304267e+00
6.674179926896916193e+00
6.674174298293564789e+00
6.674033863450430815e+00
6.674277046659145896e+00
6.674240821451401295e+00
6.674309887095998484e+00
6.674365725392133797e+00
6.674277424726869690e+00
6.674315636214374514e+00
6.674364894793705538e+00
6.674474385859036296e+00
6.674167118145074795e+00
6.674387670346357382e+00
6.674041892958676669e+00
6.674278414170100149e+00
6.674069844384697525e+00
6.674227161957208665e+00
6.674182887826059840e+00
6.673999110354404074e+00
6.674324488149556700e+00
6.674518334998214897e+00
6.674371657855153295e+00
6.674323517739508382e+00
6.674126734210298117e+00
6.674207146389255385e+00
6.674141243280047320e+00
6.674338561636301570e+00
6.674308631316548279e+00
6.674325519565423193e+00
6.674268728874210410e+00
6.674190991158042152e+00
6.674359850566066399e+00
6.674454993317073814e+00
6.674220266728939421e+00
6.674380336281346970e+00
6.674155928941451599e+00
6.674288759477571276e+00
6.674289678355666666e+00
6.674069718966055831e+00
6.674216746036838899e+00
6.674252330478160466e+00
6.674281028209760436e+00
6.674285155795935509e+00
6.674293596352004698e+00
6.674284126794394645e+00
6.674259680706886577e+00
6.674230011465451362e+00
6.674632989515856707e+00
6.674323129198744375e+00
6.674247637127603383e+00
6.674393621103572372e+00
6.674541003106969406e+00
6.674270693560187873e+00
6.674318844773172721e+00
6.674143843086354444e+00
6.674280877546934221e+00
6.674205887236984047e+00
6.674306515827707287e+00
6.674176571494029098e+00
6.674317417312475520e+00
6.674180866837576609e+00
6.674323476296310176e+00
6.674444205927157370e+00
6.674219325573138129e+00
6.674147683718969049e+00
6.674101482794711160e+00
6.674459025474219764e+00
6.674097641802080538e+00
6.674144158886880618e+00
6.674424349528470302e+00
6.674314951010966723e+00
6.674446029576921013e+00
6.674335965937910231e+00
6.674319399720839208e+00
6.674157413999511235e+00
6.674309678032809501e+00
6.674284888605711785e+00
6.674312987321770585e+00
6.674039436195341679e+00
6.674399660573397952e+00
6.674246634714442905e+00
6.674506342188868402e+00
6.674248668509688898e+00
6.674307958501570326e+00
6.674332741055220453e+00
6.674457327560244124e+00
6.674270457109703791e+00
6.674065679037211041e+00
6.674013010648157440e+00
6.674380351118302634e+00
6.674228683992125433e+00
6.674288909628899091e+00
6.674166997627379416e+00
6.674428704340529706e+00
6.674274189170235516e+00
6.674227502623979902e+00
6.674128248001449215e+00
6.674359828988629673e+00
6.674377828083225772e+00
6.674455363546842435e+00
6.674140462281517472e+00
6.674075375845381686e+00
6.674412167771781590e+00
6.674414608665556692e+00
6.674158422530041435e+00
6.674335045303748437e+00
6.674126558466744186e+00
6.674320627136775208e+00
6.674190374483059074e+00
6.674267656032319529e+00
6.674158591613513991e+00
6.674269014013427537e+00
6.674197523496702367e+00
6.674284880803666553e+00
6.674163888437941949e+00
6.674489510158033490e+00
6.674311690073291281e+00
6.674113416233236507e+00
6.674296354530058650e+00
6.674208069447433722e+00
6.674346711280183975e+00
6.674201664580131421e+00
6.674205481450169231e+00
6.674184833749593260e+00
6.674502533898487577e+00
6.674434937766775100e+00
6.674210519824166354e+00
6.674067623637942148e+00
6.674302295612402958e+00
6.674288294527851662e+00
6.674139215899522526e+00
6.674017977013811276e+00
6.674298371018646314e+00
6.674116120672322516e+00
6.674289838116030715e+00
6.674254359020276972e+00
6.674069770828370274e+00
6.674237250283643341e+00
6.674283805912880396e+00
6.674228515929652161e+00
6.674180983174633042e+00
6.674249135035967839e+00
6.674118880125465836e+00
6.674158463086363291e+00
6.674154038134731515e+00
6.674204446739990360e+00
6.674334639891614351e+00
6.674009102432978402e+00
6.674317260130006702e+00
6.674415059469444245e+00
6.674031846342765029e+00
6.674402926749457343e+00
6.674181962451748440e+00
6.674145952777412738e+00
6.674310463431094576e+00
6.674132659945153812e+00
6.674315798667970867e+00
6.674160620843442082e+00
6.674431842684708904e+00
6.674396877233865766e+00
6.674185684693311416e+00
6.674363051828588134e+00
6.674295272993993500e+00
6.674461666360456569e+00
6.674340060882420822e+00
6.674450432097323471e+00
6.674178333577319933e+00
6.674399212771522372e+00
6.674124487921797133e+00
6.674102314749333686e+00
6.674125121204527389e+00
6.674395689555803202e+00
6.674107580165454578e+00
6.674326814453004353e+00
6.674191643198241763e+00
6.674113094851467309e+00
6.674453423316850653e+00
6.674201692427941701e+00
6.674278356910329002e+00
6.674332738784968910e+00
6.674262105773792086e+00
6.674222351932558084e+00
6.674281988486146844e+00
6.674321517545117821e+00
6.674187123147496514e+00
6.674294494754418494e+00
6.674280695449594347e+00
6.674235995597912030e+00
6.674316683096560787e+00
6.674200635487776090e+00
6.674262594922218739e+00
6.674344211697317064e+00
6.674197462991081409e+00
6.674070057645099752e+00
6.673927831297421953e+00
6.674378549499349056e+00
6.674261142817974779e+00
6.674244814001800918e+00
6.674217597492304144e+00
6.674376601290408217e+00
6.674162005323248437e+00
6.674312262597693390e+00
6.674546456589948384e+00
6.674382744928336386e+00
6.674278095614997852e+00
6.674460776918934357e+00
6.674267926995364419e+00
6.674384927203655060e+00
6.674317914591576084e+00
6.674387709072195918e+00
6.674140407762351401e+00
6.674212243950064405e+00
6.674049891654820321e+00
6.674063601734797402e+00
6.674235554093360889e+00
6.674334403881095668e+00
6.674251160138621408e+00
6.674175675680096731e+00
6.674138267556691595e+00
6.674025466342966340e+00
6.674236708668664697e+00
6.674115394493485454e+00
6.674337640493142487e+00
6.674347629037917784e+00
6.674327142278930758e+00
6.674304238284316071e+00
6.674330782231847614e+00
6.674201635691638934e+00
6.674438433116126390e+00
6.674513075704195053e+00
6.674355703591699829e+00
6.674402408158291777e+00
6.674097572258162359e+00
6.674447845845387306e+00
6.674153826457035699e+00
6.674290817403073284e+00
6.674310271735918398e+00
6.674021962058988677e+00
6.674324335192612700e+00
6.674086399522308533e+00
6.674060023718996426e+00
6.674461679868802122e+00
6.674446101699823330e+00
6.674268581308976600e+00
6.674264459557474716e+00
6.674216355660978373e+00
6.674291918844363458e+00
6.674276223140922504e+00
6.674106639462410229e+00
6.674285375431166401e+00
6.673993268381643418e+00
6.674178622433300845e+00
6.674417084087267860e+00
6.674211615759308103e+00
6.674151100873155329e+00
6.674165313510467712e+00
6.674197587986008706e+00
6.674090933745326915e+00
